
1110 937 575 3026 693 1404
2720 2734 223 2263 1697 1788 717
392 152 2722 2248 2406 394 2785 641
1324 2708 1295 1697 211 1324 1683
392 2754 536 2794 2742 1896 365 927
984 2776 1560 1025 3117 2348 1117
1643 6 949 3058 15 1555
2776 2340 2776 1042 2794 2776 2662 2340 2808 589
2754 2720 149 1817 2722 3151 1105 1872
114 1862 1303 2794 2722 1134 2534
3120 2742 1896 377 385 2776 532
114 2708 461 1638 3015 1399 1799
1975 2722 3150 1869 840 2750 1169 209
2794 828 2722 3151 800 394 2722 1193 114 2723

3056 1088 3108 2379 264 2776 376
114 723 656 2838 1399 2776 223 998
2776 3203 2083 1584 2475 1139 1859 1817
3093 209 6 2689 3033 1844 2468 3158 1296
2730 245 156 3058 86 2776 222 1555
3058 86 2722 2836 1844 2776 1627 619
2794 2304 3120 2742 1896 656 2639 927
3047 112 87 2382 114 2766 2026
1347 1755 1732 2026 690 2776 223 2929
1372 2754 556 124 2750 935 452 1844 1707
2379 2630 1764 557 114 1639 1764 1856 908
2092 1324 222 394 2615 2742
2750 3047 2794 209 1790 1631 3056 2754 149 1856
114 2326 2776 305 3008 3056 2754 988 1446 477

1597 1399 2776 1164 114 2697 2722 928 2754 2966
1817 1442 2722 2785 2720 928 2406 1079 122
3080 1105 2201 1372 1817 2754 1810 2198
2754 765 240 2722 3150 2878 2483 1740
1057 3058 1442 2392 2475 935 3080 2883 3130
738 2722 2784 1844 2776 1361
1869 3074 1442 1270 2475 1051 3093 209 2722 2801
1844 1324 2345 2794 2573 2018
2754 149 2776 1741 1164 114 2392 1399 2723
397 184 2722 1618 140 1844 1302 2056
2475 2754 2770 3100 1844 2742 73 2381 2326
701 1844 3176 2750 2776 1178 2785
392 1372 2754 1581 2189 1810 2794 209
717 2439 114 2742 1378 719 3117 2723

2912 1617 3081 765 2754 2516
2925 2776 2340 2776 223 1539
1770 257 1159 1813 392 767 1542
114 245 1099 2392 1543 2794 2753 142 1101
2730 219 1798 3081 765 2754 17
2722 340 1509 1158 2723 2794 1157
2073 2934 3081 765 2754 2929
2475 1197 6 2630 1844 2635 3194 405 1810 1581
1057 1268 2822 3117 2776 2340 95
2754 1844 2776 2340 2776 2662 2340 765 643
2730 1347 3056 1769 397 2723 2794 209 1179
3052 22 171 405 2754 1534
2776 2919 222 1761 209 2802 3117 2723
3069 2930 1585 2716 910 2794 209

2753 1345 2720 3117 1145 3146 715 1098
2722 1618 1138 3058 893 923 767 811
3093 1984 2722 2876 2794 2722 2956 2292
114 2720 2884 3069 939 767 901
1057 1789 2785 1522 2631 1859
2794 1314 3106 114 517 1321 2732
2294 441 3117 1112 114 1627 1535 2124 1179
222 1828 114 197 893 3058
2730 3047 1810 2632 751 1538
6 1578 2060 1939 1399 2993 1844 1164
223 832 3117 222 3047 258
1809 1446 1809 1805 2190 3052 1446 3014
392 1039 752 2755 2739 3117 3106 1679
1537 392 2725 2408 2725 2612 2567 1585 2662

2730 1550 1810 3107 2128 1243 658
1399 2723 2776 2631 875 2754 209 752
1639 2662 2483 2959 2836 2754 2483 1978
3117 223 2836 875 1446 209 2344
2720 2929 1442 1810 1061 2935
3069 1250 2753 2720 1929 2722 3094 1588
2721 1057 2776 2340 2794 362 122 2723
1869 2705 2788 1249 209 1446 2705 1057 1861
2705 2788 2776 2340 3047 1249 2717 2754 149
1372 2705 1844 2742 2705 2788 2171 2723
2730 3052 555 629 760 1372 2754 2407 679
1536 2723 1586 1399 2018
209 1810 2349 1057 2754 149 1755 2808 935
2794 209 630 519 114 1639 3153 2742 1295

1587 1399 2722 1871 3056 2722 1189 1559
1558 2922 1324 388 1272 818 2881 923
767 1331 2794 1324 1791 2425
2366 3117 1600 1324 2281 1637
114 1268 470 2722 2561 1289 1320
2211 2600 3202 1399 1324 1696 73
3194 1736 1600 53 1324 222 2567
170 1859 1324 1178 1969
392 3056 1110 1319 1972 3117 3032 408
1561 982 73 1270 2170 1110 2722 617
2722 927 1064 809 1817 541 142
1110 1324 1624 2821 114 1597 122 3025
2475 2754 2776 2340 1879 1399 2776 1808
2897 1859 720 2895 2754 1148 6 2487

1760 2794 1276 3081 1277 2754 1760 2283
2668 3117 2668 3003 1810 1457 672 1399 1457
3081 1610 2754 2720 3069 2754 2153 1810 1162
1869 840 2153 3117 1993 2742 120
1372 2722 2853 508 1844 3045 2502
394 2888 1660 760 1849 2742 820
2739 760 392 2666 449 2723 3074 517
1399 2440 2722 1918 2720 2754 2407 211
1658 1347 1861 2597 2662 1359 2794 122
2596 818 1399 818 394 1763 1870
2211 2444 114 452 114 1251 1740
3074 86 1399 1861 1861 1992 1811 760 2438
3080 2514 2488 245 1650 2332 1861
2441 2750 2794 2723 2754 2439 3097 2088 1807

1442 1446 1057 967 2794 3051 6 3084 923
2720 2754 527 2776 2340 1399 2439 1556
77 1372 2754 1445 2381 1247 2794 717
2722 3150 3093 2984 2723 1561 6 1640 3086
2722 3150 3093 209 2776 3083 114 2567 3036
2720 2754 1805 1079 1844 2723 1258 1538 243
3056 893 2061 3083 3042 1669 1466
394 454 927 1302 1360 2386 1399 1703
1597 3052 112 2910 1399 2722 3150 767 2516
2396 392 1324 1978 1057 2567 2722 3150 861 1446
392 223 3015 1265 1399 2722 3150 112 845
114 1469 2919 2722 2931 2475 702 1446
1805 1611 2818 1876 1399 2720 332 2447
2720 1859 1322 2617 1757 2382 490

1057 2382 678 2720 2754 212 1611 2794 130
3074 1057 2776 2340 149 2475 2900
1191 1372 2754 3097 2754 149 252 1844 1650
392 2720 2754 1807 1610 1442 1739 895
1057 2754 149 2475 2014 3117 1757 1261
2720 1 2776 2340 2754 2566 1810 2794 524
2329 2720 219 2260 2794 2272
3069 2794 2201 2406 209 2776 451 693
1824 427 2776 2756 2720 1366 1669 427 1764 1703
2379 1261 209 936 1591 2717 1145 1611
209 152 2776 2040 1442 1189 114 1473
1869 2794 2776 2340 166 1533 1474 2088
1639 2723 122 2340 1057 1611 1844 1671
2720 222 2567 1669 1581 1399 2742 1869 2723

152 958 152 2754 2381 2996 2475 958 2754 1219
1399 1861 1844 2742 1110 2720 3069 2754 680
114 2720 1105 305 3069 3199 2754 268
2754 1670 395 2742 3056 2754 1110 3202 542
1307 1585 3111 222 114 1404
3121 2750 1050 73 114 477 638
1372 86 3047 1705 2475 2722 2788 2406 420
114 2763 3190 3165 1639 2722 3150 180
1550 2753 3079 1769 1265 1810 1631 1057 2576
1256 979 114 2269 200 1951
1597 3079 2392 266 849 2392 1136 2723 1732
3069 340 1151 2754 2407 1399 341 446
2392 415 2723 1057 1302 2318 114 1674 2734
2754 2407 2058 1732 1810 1550 2720 545 717

3056 1366 760 557 2722 472 2720 2699 2722 2785
114 2326 2722 351 617 2638 1399 1314 1800
3056 1366 244 2722 2969 1923 2056
114 2280 601 86 2431 1825 3117 3073
3056 1592 2837 1366 2326 199 1844 1535
3069 880 1110 1285 715 404 2722 1304
114 2632 1201 86 1156 2922 1399 2393
330 1859 2722 282 3117 3073 114 369 213
2730 1844 2776 222 760 1366 2117 1639
2720 2754 111 2722 3018 1844 2785 1761 1171
2436 2668 114 220 760 2729 1081
114 717 152 958 152 2739 2326 1876 1218
114 1813 1 2786 2315 399 1639 664
2300 362 2794 351 1321 3056 1270 2681 2723 1301

1824 2720 3197 3047 3200 2340 392 1611 3197 142
1805 1595 3201 2717 3197 3200 2340 1305 1581
72 2750 483 845 3197 2406 2035
114 3200 2662 2352 2794 2483 1875 1157
2475 2406 2720 222 3069 3197 1328 1399 1531
1010 1805 705 2730 3197 3047
3200 2340 71 68 3200 2341 641
3056 3200 2662 1444 3200 2662 1079 2406 211
3074 1551 2475 935 6 1346 941 2794 638
3069 1361 1399 1335 1697 2924
72 2722 2580 1232 1844 3107 617
114 199 2127 1844 630 886 477
1824 1807 392 2911 622 1764 1611 3197 1488
3197 1235 6 961 1550 3200 2487 2304 2475

1810 1110 2722 2547 760 1366 1764 1458 1998
114 3194 1693 1366 1267 165
392 1810 2794 2697 1844 1180 1869 896 1625
1844 1981 1844 628 1869 2321 2113
1809 399 1366 1086 2794 364 1709 2697
2004 2794 818 1324 2774 2130 114 3099
1869 2304 3117 2057 1372 1446 2379 1171 3042
394 1854 2033 2720 1366 1399 1287 1010
392 1110 2742 927 1764 1491 1366 683
114 526 2547 1399 2727 1366 2145 2617 149
152 2858 114 222 2379 2797 2767
1372 1110 2776 2340 2794 2576 2754 3166 540
1869 840 1844 2723 2750 1366 2075
2776 845 1442 2859 114 223 764 114 614

3056 1366 523 893 2743 2720 1222
1329 1399 1946 392 6 1580 1725
2720 2750 1350 2538 2044 1814 392 2413
3063 2722 2547 1399 2325 1412 487
3056 1366 1942 2720 1684 152 1983 1404
445 114 441 889 394 2722 2347 2450
2948 1399 2725 3204 2294 166 1293 648
114 3031 2725 351 2549 1878 1844 1683
2730 2722 507 1844 2750 1403 2552
2369 3197 1739 2234 1399 3202 234 1764 2425
3058 3017 2785 635 3117 638
2794 427 3200 617 1844 3202 2794 2629 1800
114 86 1399 3003 3117 2785 1057 1611 1844 3197
152 1270 2681 1110 3197 1366 855 3197 1790

392 3060 760 1810 3197 6 1698 3025
1639 3003 2925 2750 306 2875 2785
114 1085 3200 2340 1399 3200 638
3117 1673 1732 296 2717 1764 199 2232
1817 2544 3197 1859 2722 2810 1844 1251 1345
114 1650 1634 1129 3194 2905
3117 2972 3113 3165 211 3197 1586 1039
1755 1563 2717 3200 1904 560
2475 2406 2722 1573 1844 1556 2720 1556 2201
3069 2750 2786 1938 1869 1764 2097 1936
1786 1399 1441 3158 1809 1885 935
399 1639 3197 1581 3200 2340 1399 927 1844 1684
2794 1157 180 3200 2340 1468 3200 2340 2567
114 3197 1761 1581 778 394 3200 1896 2662 2449

3074 3093 247 1764 2954 1399 2785 2794 480
1372 1446 3047 1009 3117 3200 1739 1318 687
2755 3194 1287 1493 1446 1442 392 152 6 2801
3069 1315 3200 1556 114 2413 1810 1239 3200 1918
1372 1366 555 3178 2722 222 1844 3200 927
114 1399 1105 1819 1818 86 3200 1188
2722 73 2794 480 3165 2304 2750 2000 1555
2617 1289 2817 1772 2816 824 929
2475 2406 1764 1911 3193 3117 2725 73
209 2314 1561 1856 1684 1844 1546 2858 2717 2804
114 3200 2853 2244 209 2713 6 2001 2127
114 2594 1695 1844 112 128 2488
392 3047 2483 452 1844 3201 85 2720 2785
3197 2406 1581 2868 1399 1446 114 1399 1764 2232

2379 1366 493 2723 2794 6 2632 617
2754 149 1732 1618 114 1732 2700
2267 3101 760 2377 2722 612 379 1844 1669
114 2632 1531 1265 86 2808 2404 6 614
2485 2808 1342 2722 923 1844 1287 2398
114 1855 1442 1324 1177 500 727
114 893 935 1110 935 2485 647
394 426 1869 1770 429 564 2916
392 2776 886 2631 2379 1810 931
1809 1603 2017 1844 2720 935 2754 1893
1809 2379 629 345 2754 2994 1399 1324 2372
3056 1399 886 1573 2794 2785 2754 1219
2475 1593 152 1684 399 357 1869 927 399 2326
2475 1593 1585 2750 114 2750 1159 1556 2794 2723

711 2785 311 2754 2722 1575 1928
114 1639 2722 823 710 1302 1896 2662 374
1998 2722 1465 2696 1110 2722 1000 2782 1449
114 386 2722 1594 1960 1399 1302 305
1639 1161 114 2494 2321 152 2754 1032
114 760 3054 2754 3097 2671 2785
2794 2722 3082 3150 114 86 1302 933 2668
392 1366 1060 2723 1861 1739 1294 580
1824 414 1810 3117 2776 1345 1764 1612 935 376
1809 777 1805 1573 2732 3117 2742 128 1936
1321 1399 2776 564 2909 760 92
1057 223 1927 2794 2614 1684
3194 760 2776 3157 1856 2785 701 2776 3182
1764 1611 2379 1399 1764 2954 890 1581 3198

6 3129 928 3117 1770 1896 1243 1904
1258 2754 2722 1665 1718 1844 1764 1922
6 3129 1145 1281 392 1810 34
3117 2395 427 152 1442 943 3132 957
112 923 1732 365 2717 2726 1546 943 1399 2258
1155 2722 1836 3065 1446 1141
6 1645 1399 1348 86 1349 1399 1324 539
3069 2556 1685 927 114 3132 2499 105
114 1057 6 3128 3049 2754 1018 571
2783 1769 152 2392 3186 2723 991 7
114 394 44 1671 1844 2723 661
394 43 1861 2743 2794 1764 2104 1813
392 2436 2392 2054 2723 1878 1057 3132 1993
1707 209 2776 1611 114 2776 1612 2929 2725 2836

2475 1442 1446 1810 3117 1671 152 3117 2720 1758
2568 394 6 1904 222 2794 1324 2954
3074 1287 1446 2340 1057 1872 767 2929
114 893 935 3117 1324 935 767 2178
1643 6 563 1844 2083 493
3117 2636 114 1731 3117 823 114 2317 2234 1143
3117 141 1019 1039 114 86 2744 2139
2720 1288 79 1399 2750 1350 2259 1300
1824 1550 1671 2853 1399 1611 392 2856 3178
114 2730 247 1671 1764 1611 1442 152 935
152 130 1741 452 2755 1810 2475 365
152 2753 1177 401 1024 1399 1288 79
1550 2727 2304 1732 2720 1561 1844 1280 3042
1366 3093 1810 2026 2720 2104 1810 2794 2350

1764 1164 2379 1810 1956 1671 1366 104 1856
2475 1593 152 3202 114 2754 142 1844 1861 614
392 3056 1399 2723 2786 1122 1366 244
2730 1597 1366 629 1764 619 2406 912
1057 86 2720 222 2720 767 566 2723
1442 392 2722 2333 2129 1844 1764 1281
3069 1399 2776 354 767 1581 152 2742 1399 1671
1347 399 1366 2730 209 837 2717 2754 149
1824 2735 1611 209 1844 2777 2475 3013
152 1366 1810 1057 1764 2340 392 1057 2723 3093
215 2776 1281 3069 1366 3093 1466 2475 435
152 2708 1820 1302 183 1110 954 1374
2048 1810 1859 2776 1281 3056 1707 1442 2451
2754 1135 1671 2742 1810 2794 1157 184 71

152 112 2899 38 1859 2722 2538
3074 3117 1324 967 1442 2108 262 1324 1914
1869 2483 1000 2743 2204 3117 2808 1755 2127
3080 2592 15 3028 1324 1896 1281
2475 1366 1057 967 1844 2857 1070 2794 2304
2722 1944 424 1844 1612 2251
114 1399 1707 1896 1612 2591 2330 2794 638
1829 3117 389 1844 1707 1896 1612 1697
1824 1550 1764 1600 209 2730 2722 839
114 805 2038 1844 1764 2511 354
3074 1988 1057 1611 114 1597 1057 2162
1732 2717 2720 2804 2720 1732 1265 1732 916
1824 1527 2794 2145 3052 2429 1611 1265 3177
2794 1276 3117 927 251 2794 1612 1013 3116

1707 923 1265 1986 2722 1905 114 1265 2563
2776 223 1079 1399 2676 1844 1764 1281
1764 318 1442 2722 1098 3061 4 1296
114 1955 1446 1442 266 1906 149
1057 2770 2722 1905 1761 3197 2326 1324 2449
2794 1010 3058 3200 2853 1378 1967 1555
3069 1399 1764 333 2401 1442 1246 2567
2720 1265 1324 3100 1165 3117 2742 927
1817 2326 3052 1180 2865 927 1057 927 1267 763
1707 927 1267 778 2776 2386 114 2742 1057 1671
142 3100 2794 1764 354 3059 2722 2636
672 2794 1935 2794 1138 2736 1859 2723
3194 927 2750 594 2998 2794 1186 2725 149
2739 777 392 3052 2739 2326 1488 1810 2722 1281

1550 2753 3074 142 1399 964 3117 2725 2547
1844 2095 1335 114 2083 2793 316
3071 1366 3079 1086 1844 2617 2848 201
2897 1057 1457 1399 2720 1366 1335 1739
1197 2057 965 2725 935 1535 2533
392 152 2722 1656 166 2722 2637 923
114 1399 2729 2725 2055 1555 384
1057 166 6 1113 2739 1399 2725 1167 717
2722 1903 3012 951 1057 1002
68 6 2758 2963 1860 1044
1442 1110 2722 325 1844 1335 2143 2124
114 86 2722 2217 1076 1057 3069 1270 2799
2730 1251 1366 2720 1611 114 104 252
3058 1366 1669 1810 2192 1809 209 2193

1601 1844 1764 1611 2794 3079 1399 2947
2776 1690 1265 1764 810 2602 1487
2794 2723 1366 2353 2750 3181 842
2794 3122 810 1810 2794 2408 1764 3116
810 2475 1197 3069 3116 2475 2012 152 1707
1669 1639 2330 196 1399 2999 3145 2794 2408 1446
392 2720 1366 1338 2483 1180 507 1844 2742
1399 2776 2498 2756 86 1765 3093 267 1446
2783 3055 2546 2720 1227 1764 1753
2005 1859 1671 1190 3117 935 158
114 2110 131 1859 1764 2689 1623
2794 2408 1671 3164 1844 2776 2662 2214
2730 1669 1366 607 2794 316 1347 1366 760 1611 2723
2783 2730 1810 2408 1764 1272 3058 2754 1670 2088 1671

3032 3117 2798 1366 1259 1671 2794 1764 229
2722 622 2216 1057 1568 3117 2830 2790
392 2730 239 6 1456 1399 1764 1272
2794 3146 1764 1703 3056 319 3147 914
1057 2730 1764 2757 1110 952 3058 1366 9
1428 6 3205 1969 2794 2723
114 1466 1764 790 926 1866 3082
1599 1859 611 3069 2722 302 760 2326
2300 2720 1764 2498 1380 2425
2045 2776 2373 2794 1764 2426 2965
3069 1561 6 1452 1355 1399 1149 1800
1641 290 1800 219 114 1302 1856 928 1790
1587 2775 394 617 1764 1568 394 1800 1764 1703
1057 2723 114 1057 1764 2340 1805 2121 1010

1347 399 1366 2730 2223 1399 1251 1995
2720 104 633 2722 255 1844 2217
3056 618 1868 1442 1810 825 394 1800
392 617 394 1800 114 1800 394 617 1867
114 818 2755 852 2794 836 2179
760 1399 522 2377 1244 2794 2814 1671
2722 1861 394 2798 2722 1875 2794 499
1347 952 1366 2798 2567 955 1845 1110 2723
1366 2697 2722 617 2794 1990 1321 2754 149 365
114 765 1321 1186 3056 476 760 308 2722 1287
2475 1026 1366 2722 2656 1800
3056 2509 2547 2870 1810 2754 1153 2722 889
392 617 767 604 777 1764 2493 1595
114 1800 767 1801 1639 1206 1544 2330 2601

3056 1399 741 3117 1086 114 1685 927
1366 86 95 277 1764 1881 2549
114 2851 621 1287 3117 1764 327 579
114 1597 2925 1764 2340 114 602 1764 960
3115 1671 1561 2794 1861 1732 2234 1399 1338
978 1561 1321 1561 1321 3117 1109 2014
695 2750 1646 149 114 2720 1646 2311
3117 3052 1366 1739 858 533 1533
3194 1399 2738 2757 1764 2340 93 700
1248 1366 2745 1859 2723 114 2730 1764 2549
1561 2794 2722 1510 166 353 1844 617 146
1110 2628 823 2441 1365 166 1288 1131
1057 2776 2662 1611 2189 2617 3030 368
2720 2730 1366 2313 2794 427 1764 2549 3117 1481

3056 2794 2722 2367 1844 2662 2429 2756
1366 2634 2922 2190 1844 2744 1923
1366 2423 2722 1496 1844 1650 6 2743 1366 2496
114 3117 1856 3126 1790 2984 1764 622 2786 3015
2730 399 1366 794 112 923 2919 2794 1037
1057 2032 1109 1311 1399 630 615 1800
114 3036 67 1612 1593 2436 400 3124
114 1721 2716 911 1844 1650 6 2941 2425
2730 399 1366 1209 166 1208 1066
114 1290 1110 3124 2794 3124 2697 1825
2722 2282 27 1844 1065 1721
3069 1366 1790 1929 152 1372 1810 1901 234
392 1372 2722 3070 1366 2745 1859 2723 622 1107
86 1606 142 2220 114 2493 845

2776 332 1442 846 3117 86 1284
3069 1366 394 1498 1267 2643 620
114 2732 2181 1611 114 86 1612 1623 1918
114 86 2753 1109 3069 1366 2756 384
1347 1650 6 1330 114 1840 2693
1265 622 2184 1611 2569 1110 1707 923
152 1431 1844 2722 620 3069 1817 133
392 2744 2193 2720 1312 1399 2723 1554
2754 149 2722 1193 3058 384 1611 767 1581
1355 3117 2722 2850 1844 1764 1621 1179
3074 86 2725 1918 1844 1671 2794 2723 715 1157
2720 800 1844 1650 1817 1442 2742 95
2725 1379 1366 1616 1366 2965 1399 2723
114 2754 86 2739 1258 86 2722 86 1844 1671

1372 2754 2653 1764 3043 617
3056 2720 461 629 1764 324 3117 808 2379 566
114 2381 394 1086 1860 1732 2144
2738 2012 2269 1573 1844 2776 642 1619
493 2727 3117 2722 271 1844 2722 2785
114 2755 2739 209 1884 394 893 1936
2212 2727 1057 1764 1611 1810 1057 2725 2232
899 394 2722 1293 1844 1249 1684
1824 2730 2978 1671 392 2750 1623 2756
1235 1764 1108 1758 1221 3117 2750 1220 73
6 624 287 2717 2750 1324 1611 1235 375
2794 1655 1399 2136 1844 272 874
392 2436 1270 718 114 2002 272 2088
2726 1057 2725 2605 1367 2145 1324 1057 1324 1611

1119 1650 6 1166 1734 1267 1366 2335
1026 2722 1744 2811 3117 2506 923
1483 3117 1178 928 2722 1672 1201
1155 1909 2590 3117 1289 82
121 1953 2722 204 476 2794 2240
3117 2877 2126 1859 1324 421 928
114 1110 2722 1078 3150 1324 2973 1313
2555 2904 2794 3050 3117 2750 741
889 2475 1764 2636 1861 821 1733 715 2397
3117 86 2849 2527 1859 1764 376
392 1878 80 1270 3014 392 1861 1344 1707
2722 2175 475 1265 1663 1321 1110 1671 1817
3194 1321 1057 2750 1764 1611 1805 3072 737
2640 1844 2722 3150 1669 2539 3056 1288 2636 2541

3081 716 2754 2077 2617 6 219 617
114 1639 1671 2830 1084 3121 1764 471
2794 1550 202 476 1833 1671 1399 1764 3025
1316 2776 350 1399 2725 2266 2472
4 1810 865 2720 2770 2722 475 2754 353
2794 799 2722 2130 1859 1764 2579 928
1057 1805 1645 3042 1844 2617 6 2290 399 2510
2720 1273 2722 3167 114 599 1810 2722 741
1809 399 2776 2382 1157 1962 2794 1764 1205
2755 2754 2203 3194 1366 1267 2567 2722 1605
2716 1850 2492 1543 392 3027 2183
2794 1321 2720 216 2722 2600 1847 583
77 392 2753 2694 142 1933 3069 2776 1611 2394
114 2739 142 2234 114 2137 86 1374 653

1805 1732 209 1210 166 2720 3069 2754 1258 763
2264 1267 2752 114 2430 1093 1756
476 114 830 2539 335 1731 114 2636
114 1589 402 1585 1399 2665 377
86 1684 1639 963 114 889 1366 1399 2750
175 2776 2839 3117 493
1764 2340 551 2291 2776 110
909 2776 2443 1732 2717 2776 2443 142
1057 2794 2776 2357 962 1366 367 1399 2355
2776 57 1919 1442 2776 59
114 1 1764 2340 6 1517 1987 485
2617 463 3003 1442 1399 1764 1611 114 1261
2720 1366 112 24 1781 1761 209
2794 2720 2662 2740 3069 2505 2256 1110 1671

1550 1671 510 2720 3026 2871 1761 209 2866
102 1877 2882 1622 142 1861
2475 2379 2753 309 2720 760 3117 1671 2185
3121 2776 1299 394 1671 209 330 95
1399 1877 2871 1622 2732 1442 392 1861 2214
2755 1399 1877 1585 6 2358 2525
3069 2755 1446 98 1810 1612 2481 832
3194 767 1446 2554 2662 1345 1110 1612 670
1366 1669 1810 892 32 2723
1549 1764 276 1228 2406 760 2723 2382
1809 2754 3117 2095 1475 1335 1671
2895 2754 2678 2720 1335 1110 2776 1766
392 760 1810 2475 1366 1611 2723 1399 2617 2495
152 2754 245 1707 1707 1442 2776 1180 2205

152 6 651 961 2681 670
2794 2326 1324 37 452 760 653 1844 3202
2475 1366 1631 1503 394 1087 625 2525
2678 86 1764 482 1844 2776 3158 114 2858
1057 3068 222 287 1869 3030 1869 3116
1869 130 1844 2738 86 1869 86 1869 1732
869 1399 2776 1918 760 587 2446
1366 1639 1764 1611 856 2794 2750 2576
2475 2730 1366 104 1810 1503 2012 1809 699
3071 2720 2750 2373 767 2617 2612 1157
2720 1366 1399 2776 15 104 2624
114 394 6 1914 1844 86 2776 1167 1581
1597 3052 1442 266 2720 266 1366 3113 1399 2723
2750 3113 1366 1267 2730 2705 2788 1251 1671

1347 399 1764 1758 2998 2607 2794 1435
3070 2754 765 357 2720 2021 1434 1764 2954
2742 1896 2662 143 2808 903
1057 893 2983 1910 2794 2178
1824 1157 2776 2340 2722 2719 1372 172 1399 1671
3164 1957 2544 72 2776 2425
1057 3075 2475 805 2720 403 3178 2794 2723
3056 2754 2776 2340 765 1157 1436 1559
209 2754 2722 2710 1758 2705 2788 1732 1399 3158
2717 2753 1856 1804 3069 2233 1439
114 1270 2720 397 1859 2723 1550 1321 367 1084
886 1819 2794 1882 1593 614
1372 1764 2464 1758 760 1990 2738 600 619
2722 1902 209 1707 392 2742 2379 209 2722 2026

1824 1347 2776 3158 3117 1648 1669 1366 2438
3056 2754 149 86 2722 272 1914 1844 1671
3052 399 1707 1896 2026 2794 1707 1896 2340 367
114 3052 1443 392 1707 1896 3056 1366 2026 2723
889 1057 2750 1550 2928 757 1581
114 1877 622 1611 1603 1766 1844 2439 1861
2720 394 2750 2359 1366 1669 1157
2720 800 2794 2723 3069 2754 688 95
1824 13 3052 6 2812 3166 2754 2088
3047 1446 1810 2776 2503 1541 1136 2662 1534
2794 868 2722 2785 3117 2757 1844 1611
3069 2785 114 2757 2475 2666 767 643
114 2720 2754 2692 1347 2794 1639 1861 2866
394 2029 1321 1305 3074 767 1301 2185

2678 86 1764 1622 1764 1611 3189 2678 2727 86
3052 1258 2754 2730 1732 2717 2754 1236 234
1805 1611 1764 1611 2720 2754 1670 2853 1611 395
86 1707 3014 2742 234 2754 1236 2750 1732
2730 1372 1057 1764 1611 2754 1764 1611 2156
1366 403 291 2723 1057 1764 1611 2754 2932
392 3194 209 292 1372 2754 2776 2340 645
394 3089 2688 1844 3052 2776 2340 2174
1366 760 1074 2776 2253 1145 2740
102 2754 2554 2723 86 1764 2022
114 3194 1611 1493 1446 1442 6 1198 1205
2794 211 1198 3182 2717 1262 1492 1421
1511 1186 1399 3079 86 1374 3042 2413
1471 1671 3117 2526 3194 3026 1761 1810 209 1043

2753 2049 3184 2720 1553 490
3056 1366 104 2485 14 1110 2776 1281
2776 222 114 2776 3191 1119 3042 233
1057 2567 2702 1049 3058 2754 149
1145 2754 149 114 2735 2794 209 3133
219 2754 149 2735 2794 209 159
114 3056 6 3128 3143 3052 3129 2487
3093 2505 1534 1302 2783 1270 1267 2050
181 1671 392 3194 2754 1699 1764 2322 1059
114 449 2776 222 114 2776 2589 3202
3074 1521 2723 1399 2725 2246 889 2732
3058 2754 149 1063 2794 353 6 2872 2858
1309 394 2776 222 2704 1302 2794 2723
2742 394 2776 222 245 943 2794 1671

2720 2754 1258 1302 1446 1442 1810 86 1764 1205
114 3194 1446 1669 209 2284 1366 1616 1302 626
2720 2392 1265 2723 1442 1844 1764 2985 451
6 1605 1399 1611 2720 2817 1671 1732 1775
1623 1851 2775 1366 3093 908 3188
2754 765 1611 1302 224 2754 1489 1366 1611 1302
114 1057 1764 2288 889 2475 767 2392 17 1671
2619 1764 1107 1057 1764 2288 2794 139 1302
1372 1366 1603 2723 1764 1605 1442 1764 1612 1124
114 1604 1302 1764 1107 1265 1092 2720 1605
335 1010 818 1875 114 1366 1603 335 2866
114 335 1057 1764 2288 1519 1859 1671 2750 583
392 1306 2722 1457 1764 1107 114 1366 142 1861
2662 1029 2730 2392 1622 392 1671 95

3056 1739 1366 3105 2730 760 1707 927 266 2326
1057 86 2722 617 2739 2965 2744 2901
392 3056 1366 2460 1399 782 2739 1597 1859 2723
114 610 365 142 365 1399 608 728
2730 2754 3080 2373 2375 767 1639 365
1347 3165 2776 2374 1079 1079 1251 2408
2794 2722 466 617 3117 2776 1755 467 1559
3056 2794 2903 927 2776 2372 2398 2475
1347 3165 1366 2304 1707 927 209 296 1631
394 1599 1859 2723 1399 2722 1586 617
3056 1399 620 1800 2776 935 1390 2372
2770 1291 2460 1859 2426 927 767 2552
86 619 142 1802 2794 2326 2783 1366 2326 2723
114 1802 365 619 3056 782 760 2408 2723 1671

1372 2722 801 2612 1844 1764 1034 3047 2756
1420 749 2406 1810 2573 1764 3025
1057 2730 701 1844 2507 1366 3165 209 375
1110 1570 952 2191 3058 2754 765 2552
1805 1667 2730 102 1764 1056 715 2544
2925 2722 956 823 2193 1110 2723
1057 1803 2756 399 1461 335 2316 114 1505
152 2490 152 2745 2722 1978 3058 1270 3165 209
392 77 2756 1472 1671 2720 1366 104 1810 2756
2794 1525 1508 1545 1844 1700 3056 2754 149 1179
392 2720 2475 1755 1844 823 114 3022 3186
1366 1761 169 2786 1541 3117 1764 1721
2157 1814 394 838 2475 2465
392 1291 2694 187 1844 836 3124

2722 1875 2871 2464 79 114 2101 1016
142 335 3117 2723 3066 1366 9
2722 1018 1764 2756 2722 1875 1764 693
2738 2043 3117 2670 1742 2463
1057 3056 2738 2119 838 142 1179
1399 2708 843 1844 1611 2794 2723
1764 1556 245 1631 1844 1094 3117 2871 95
2442 774 2794 629 1867 3117 1681
2913 1557 502 209 2166
394 2753 2670 1692 2224 1110 2723
3074 889 392 1817 480 184 71 163
1844 2776 935 1274 2165 1446 2794 1671
2750 2800 1366 1457 392 2730 1805 1595 1161
1366 2353 2727 184 71 114 2583 1218 2282

1707 923 114 1281 142 166 6 1736 3003
1347 2794 756 2722 519 1844 2776 2425
1707 923 1764 1281 2776 1966 2425 3165 195
1764 1281 1707 923 2722 1102 1844 2720 2242
1764 1281 767 1988 2720 2754 1399 1321 765 1554
6 473 1788 1968 3117 593 927
392 2722 665 767 2720 1987 678
114 2306 1399 1321 2776 935 134 1555
2794 2420 2750 2792 1442 1386
6 2116 1844 2757 86 2706 2794 2722 1281
114 394 2725 2952 1442 706
2722 466 924 1724 114 2722 622 1282 1914
152 2775 1707 924 800 1442 2776 1885 1914
114 1764 1282 2242 2776 1441 1611 1844 1281

274 1707 923 114 1281 6 1523 1442 2809
114 818 767 1180 2865 1817 2914 2722 1875
3056 2720 1707 923 1442 950 1057 6 1597
1869 1281 1399 1611 3117 2424 1322 767 2473
3117 1764 1612 1965 2730 1764 923 767 972
114 2794 2722 1904 194 281 1764 1281
122 2785 1707 923 1442 1764 1282 1226
114 1399 1324 2757 1844 1611 767 2388 6 1914
2475 835 394 2776 1965 1869 1764 1611
2776 2340 180 149 2041 2567 3117 1671
1057 2754 1810 955 2717 1764 2757 405 1752
114 1366 104 2567 3117 2727 114 2739 3117 2723
1869 1372 2739 2460 2776 1965 1399 1764 2425
178 1764 1281 2794 1282 114 924 670

1347 411 3014 1366 3056 1366 2809 1764 3025
818 2843 2881 2855 201 2794 2772
2720 2794 1764 2929 1446 1697 2919 2552
1110 1244 1844 945 1399 2646 3007 1844 2857
392 2754 2794 3079 1764 1453 2844 142
1739 3164 482 1817 1764 1199 1205
2754 266 1844 625 114 1707 1862 410
149 1538 2722 2053 1844 893 2983 2740
2723 1267 1366 1810 1590 2922 1399 130 448
2300 3058 2754 149 1810 2755 1366 987 2754 149
3120 2722 1145 474 1844 1764 354
1110 3057 166 1993 2754 1670 480 114 1914
114 889 2731 2754 3097 209 2569 1366 967
1057 2858 2090 2741 1057 6 2064 2475 622

72 2720 2785 1372 890 2720 2785 480
3056 1366 2379 2326 2723 1113 1859 1764 663
3056 152 2776 1611 1265 417 1324 2936 2630
396 2794 2720 171 394 58 2215
72 2720 2785 3056 2754 2381 2587 1920
114 2309 1202 1671 3117 2720 2636 2742 923
3056 1611 541 1110 2722 2743 1446 3014
2379 2149 1010 1844 2370 1196
72 2720 2785 760 1366 867 1671 1305
3120 2722 1491 1844 1707 1896 686
114 2750 1764 1243 72 1764 2340 2926
2794 1224 2722 1517 2149 1859 2776 1914
2794 1534 2012 1671 2754 1258 2722 2591 1844 1518
2436 3081 2794 1611 1366 399 91 1805 419

1347 1291 760 1366 1456 1859 2722 3025
3056 3052 1366 2328 1764 3032 2831 845
767 2691 2720 416 114 2720 2206 2794 2304
2775 952 2722 1700 142 1676 1110 2776 1107
2722 217 2720 216 1671 2790 3117 1764 3124
1996 803 1859 2794 211 2720 3039 1399 1671
152 1372 394 2483 1424 2722 3172 715 1488
1324 2241 1616 1810 2515 245 1631 1110 2723
2722 306 2536 403 2093 1321 1859
2720 2486 117 2773 1434 1324 1313
3069 1290 1270 126 3117 6 1212
1732 2389 2794 1671 2717 2537 2794 1324 2420
1057 2720 2292 1212 767 2108 2750 1399 1764 1703
1764 1205 1555 1864 114 1764 1457 243

2775 399 1764 1611 908 2722 2465 1846
1844 1764 801 214 3056 1110 2723 1366 2515
1110 3058 2754 149 3081 2406 1366 1259 1671 2731
2783 1366 2223 1844 2019 1442 1805 1778
1824 3052 908 3093 1764 2012 217 2730 1010
3056 2670 922 399 2330 392 2465
2730 2406 1366 2536 2755 1745 1859 2722 3099
1399 3104 2515 1805 1742 2379 1366 1488
2730 399 1805 1340 3117 1764 693 1466 1899
2735 693 1844 1945 1611 245 1631
2379 1785 1805 801 1034 1399 1324 1001 2125
392 1611 1057 1611 2775 2379 908 1764 1448
2436 1110 2723 1176 1270 3046 3090
2819 2723 1367 2276 114 1157 1321 1534 2794 1171

2475 104 1366 152 2722 2234 3080 296 1470
399 367 1321 2794 1324 2662 2923 2836
2722 3069 1270 3093 1810 893 1344 2652
1057 313 2722 1013 2003 1844 2339 1993
2735 142 974 2475 2482 114 2475 2139
2436 2339 483 1399 2720 1593 3190 2368
1561 2572 1844 3158 2739 2748 1979 142
1869 406 1453 1399 2722 409
2475 1442 2722 2785 2720 1468 3197 152 1764 448
1869 152 2722 3006 3069 2722 2255 767 1313
2794 1639 2483 2512 1423 2513
394 1790 2886 1324 1397 2055
296 142 3197 3080 3161 1159 2311
245 1235 2794 2848 245 1497 2794 1338

3052 1442 3200 2612 3062 142 3197 1631
2720 1702 1844 2586 2375 1859 3197 2707
2436 893 1861 1265 893 1861 1861 2372
114 3197 392 1861 399 893 2373 1542
684 52 114 2722 560
1442 2013 1382 68 3197
1859 1297 442 86 149 1844 222 2368
114 3197 1399 1200 2791 142 1904 1790
2510 1844 2722 2534 114 1045 1844 2722 3190
2722 1861 767 2373 1844 3200 222 2408
2722 1875 152 3200 341 767 133
114 3197 1399 893 296 2386 3026 1488
1399 86 920 1186 3197 1267 2483 1914
392 3197 1561 1807 1807 3197 1057 526 1281

1824 1347 1755 1732 767 222 219 2330
394 2720 2662 1872 3069 2858 767 1157
2722 2263 1600 935 392 936 3026 1446 654
1057 2720 2662 1842 3069 767 1399 1446 1581
2722 402 307 1267 1119 152 656 6 814
152 2722 1948 2789 1844 2722 2264
1245 1859 2617 2752 114 1984 152 3001
3056 2632 356 2725 1663 379 733
392 1057 2725 2971 1862 1442 2725 2408
2739 1581 2920 114 2901 931
717 2794 2729 2662 2264 760 1810 2475
1844 2725 2662 632 142 2665 1843 1631
114 2475 1844 3197 219 114 1618 3202
3056 2720 2379 931 1764 2954 753 3200 2858

1810 1654 1809 2722 1154 1729
1844 2057 2379 1882 2750 2024 2232
392 3197 2379 2397 1732 365 1399 2738 534
2717 2908 2571 265 3117 2467 2785
3056 3017 3003 2379 2550 1892
114 371 2262 1878 2722 3146 1844 1664
1809 1661 1324 2672 1809 3004 2118 1016 2379 386
2722 1586 2163 1844 3200 1683
1 629 114 88 864
2379 3197 1899 1084 3200 2026 2379 2567 1010 2261
889 1399 2722 927 1844 86 2018
2720 3031 2750 3150 1878 2794 2722 847 764
2475 2783 2722 1459 2720 3200 2340 145
3197 1581 1399 2750 114 811 1399 1621 927

2662 1611 2196 2776 1062 209 1446 1810 2284
2776 831 2406 312 209 2717 136
3069 392 2795 394 985 1442 90
2796 2391 1399 1324 1080 1697
2475 1611 209 2754 102 2795 2754 1008
2776 1356 927 889 2783 2739 3105 3117 1120
2796 2326 71 114 760 1810 1471
2722 2523 1844 1611 3117 6 1954 804
1550 2750 2282 1432 1561 2722 1841 209
3069 1918 2722 2402 3058 2871 536 1790
480 604 2794 2722 193 2720 3056 2739 2326
2223 1844 1611 1732 301 1669 209 2722 2965
1869 395 1446 3106 3069 245 1119 1844 410
1641 2632 3040 2765 1732 3114 1732 2139

245 3200 2457 3052 2406 1366 760 392 2707
2925 2722 1345 114 2788 1844 3200 693
1366 1267 1805 2032 2785 166 86 2794 2516
1809 2365 2794 760 2783 3197 2209
1809 607 1366 449 2722 3152 1344
3071 1366 1764 2506 3019 2722 472 1057 3197
1809 2745 2722 289 1844 13 2503
3056 3197 1267 279 3200 2362 1860 45
1809 607 1366 2117 3117 1764 1450 2756
3058 3197 1669 209 1869 3200 62 2642
392 1561 6 2282 2457 2552 114 2745 1844 1814
2300 3058 3197 142 1347 1251 3197 1639 2753
2475 2853 6 1053 1442 1611 2720 1399 3200 3093
2755 3197 760 130 2743 1270 2747 1805 1374

2720 1172 1060 2720 1631 1671 1018 3200 2457
1366 2406 1399 2756 538 3200 2788 1844 1993
1869 166 3200 1243 2716 27 1844 1345 2794 569
245 3200 2946 338 2794 2552 3200 1541
1824 1550 1671 2620 245 166 3200 225
2716 1397 13 1844 3200 1553
114 1925 2684 2794 2621 280 818 440
3121 30 3197 1844 1421
209 3058 3197 1579 3200 434 1442 2475 2600
2720 3197 3200 2340 1669 2062 3200 2785
2794 3052 3197 3093 2794 3197 1446 767 250
3200 2340 2794 1913 1844 2342 580
1366 104 2794 2986 2755 2987 2475 209 1298
1810 291 3200 1993 209 1446 1374 1869 3042

1372 2732 209 1813 1790 392 2720 3069 1442
1265 232 234 1347 142 1877 347 241
3069 1494 1057 1436 211 109
2722 2323 389 1844 6 1080 452
1824 2720 2163 555 3117 6 185 1597
889 1844 1023 1354 565 1844 2722 2636
2408 1671 3200 1378 1399 2483 128 325
2436 1703 166 1018 1399 430 3014 763
2720 1366 1697 2326 3052 2722 1856 3150 555 2304
2794 2750 501 3135 1844 3200 1098
3068 3026 142 1687 1869 3068 272 2739
1869 3068 2230 209 2722 2292
1824 2646 1366 104 2722 3123 1844 1080 619
2794 2608 3154 1267 1158 49 2026

1561 152 2722 3024 1639 2819 2722 1934 2402
2475 760 1877 1709 1260 2794 2725 845
818 429 1978 3117 2720 3069 1174 234
1399 2361 2798 86 1090 760 531
1768 1860 1399 2722 1635 1844 1559
570 2794 1668 3067 245 587
582 830 1 1324 1167 1002
114 2785 2720 1136 767 1817 1324 1151 514
2785 767 2824 2722 1036 2368 1859 3202
114 675 2722 1912 1399 223 376
986 1859 2722 2140 1844 1770 2858
114 1813 2545 392 1057 1324 2315 2794 1754
114 3194 2794 2788 1399 1338 1764 2954 2379 2544
2029 2776 3158 701 1324 589 1243

1442 1446 2776 3093 2776 1378 2406 1466 1866
1764 1291 926 2794 2722 3032 1800
765 2754 693 1764 2466 2406 209 373
3070 2375 1561 2794 2723 760 1722 1764 2425
1442 1446 2776 2523 2720 2754 2354 1110 2723
2475 952 1110 1332 1434 1764 653 2794 2094
2794 1010 1878 2385 114 1368 1345 1399 1671
2722 2311 114 2711 1844 2776 1451
1824 1805 2776 1611 2755 1755 1442 1810 2475 1197
1446 1442 1764 1611 2720 1468 1707 923 177
1707 1896 2853 1611 2720 767 1764 2217 660
2794 1984 2722 3021 890 1057 2776 2288
1057 2723 3019 1366 3071 2754 765 2988 841
1110 1671 952 1845 3117 1876 86 2808 1774

2435 1844 2345 2015 86 1707 923
114 86 1764 2497 114 86 1764 893 1914
114 1057 2750 2435 2732 1442 1805 2187
1446 1442 2475 1217 1441 1399 1764 1281
1693 1805 928 2475 1189 1442 152 1707
1805 2386 2475 2853 1805 2858 1844 2617 27
114 1057 1764 2340 1707 1896 3158 760 666
152 1366 86 1875 1399 86 3163 2651
392 3056 1764 1164 2413 1671 1764 2340 1406
218 114 458 3117 2686 129
1707 1896 2345 2124 537 1366 2145
2340 2475 2346 3047 1418
4 2723 1764 2340 2720 1057 1764 2340 1366 2026
1907 1764 73 3117 222 1844 2776 619

72 1764 1611 2379 209 152 1366 104 1817
3117 2786 1420 1243 590 114 1834
3056 1345 1267 776 1324 305 114 1009 1324 376
3117 1573 114 3176 3056 1324 3204 1733
1265 2832 1859 2794 74 2562 1800
114 86 2753 220 3062 1817 1271 1477
142 2942 1869 2941 1878 1844 2425
2555 180 2722 2836 1844 1324 2534
1057 2617 6 2785 760 1366 1817 1085
72 516 74 589 1485
2720 1270 2379 1788 603 1110 1683
1764 2662 1612 222 2755 1764 1620 1556
1324 222 2379 1399 2738 290 1573 209 2335
114 2739 2379 1581 114 1270 1399 2727 2567 1201

3056 1366 1267 2335 394 2786 991 1243 659
2722 2235 552 1844 1886 384 73
3056 2485 1592 2820 1366 2326 775
114 349 886 2457 2794 1736 2127
3056 1366 1267 2335 2722 1356 1841 1124
56 1859 2722 1478 1844 2722 2402
114 2722 1017 2479 3098 1844 2722 3023 1635
1405 2576 3117 1605 114 1605 3117 2576
3056 1366 1267 2335 2617 1430 1844 2549
1869 2549 1446 2340 515 2794 638
2271 1265 2690 1671 2775 2794 2275
2720 2785 3093 480 114 2678 1764 1611 180
2750 2756 1442 152 6 629 3069 403 457
392 3036 2794 1267 2720 3069 1446 971 2794 1603

2436 349 1809 2571 1809 823 1809 339 2316
392 2282 1737 1832 2725 2023
1347 3117 2750 2127 2379 222 1328 6 1987
3080 36 1442 1805 2601 2717 6 1038
1824 1347 2379 2632 1334 356 1328 1878
72 2722 3170 2422 1844 207 619
3056 2257 1394 142 1810 2475 2582
1809 1132 1844 2558 2475 2600 392 2785 640
1824 968 1678 3058 80
2379 2786 266 1452 1110 2786 448 1554 1311
1869 3052 2600 1243 399 1328 1324 2670 1056 184
1869 3074 1324 2528 1844 222 399 1060
1824 1807 2895 2750 1710 1267 1697
2720 1399 290 1422 1764 1611 1669 2567 2397 365

2790 3117 86 2738 1057 2218 629 1366 591
152 2794 244 686 6 236 329
114 1782 1813 2846 1399 1455
114 2099 940 2887 1083
114 1154 1335 2384 1713
114 1634 2971 2270 2604
114 2242 1946 3183 742
114 2591 394 1571 2657 730
114 149 1631 2806 394 174
114 1050 761 539 2449
114 2432 2858 1711 2433
114 407 1180 170 406 1374
2790 3117 86 2738 1110 2738 3165 1366 209 1179
2300 2720 2794 717 1366 1534 1764 1611 95

77 3060 3117 1410 2406 1270 1581
114 3117 1324 2040 1186 1391
2720 2435 394 1321 56 2406 31
114 1495 1446 2340 3117 1324 2477
3081 2406 943 1907 1381 1324 442
114 2554 620 2332 1844 1324 1586 1348
3081 2406 2012 222 1408 2328
2264 1844 2373 2436 1324 2263 1442 2853
3081 2406 1270 1581 1817 1769 192 1442
237 1844 305 2794 314 2770 1583 2950
1057 2392 1265 1805 907 1817 392 1324
114 2083 1844 1650 1585 2925 1324 1126
1824 1321 2392 2578 2794 2408 3052 3030 2392 1235
1399 619 1593 2436 234 2738 1512 2475 186

2775 1442 1324 442 2722 1652 1844 619 1886
3056 222 1582 114 718 152 1039 760 1817
234 2738 205 2427 1844 935 3047 329
1869 807 1414 1859 6 1586 376
234 2722 1178 2840 1844 2722 620
2722 2242 1844 2360 3047 2403 180
2794 1581 6 2323 1556 1859 2323 1272
875 223 620 1031 1631 122 1137
1399 1321 2753 1330 128 1345 142 2335
3121 86 1872 1446 2340 114 2853
1643 1805 2631 1844 123 1201
2254 1805 1856 2794 784 1324 222 1790
114 1321 152 1057 6 1652 767 1769 2576
2794 2408 943 149 3052 222 3014 1844 3196

2753 1918 1844 2723 2720 2722 3151 923 767 2965
2998 1813 2720 2722 2756 1844 1284 399 1686
86 2807 2722 2975 1844 2499 1157 2723 2720 800
2937 196 2858 889 2475 152 1043 486
2776 1885 2775 3117 1885 2026 1442 587
392 2753 2292 2807 2720 1157 2723 2475 2742 1896
1399 1875 21 760 2750 2026 514
394 2327 955 2717 2722 923 1265 2412
2739 1597 1434 2722 222 1844 2776 1703
114 2720 1399 1225 2739 1675 394 2776 653
2730 462 2725 2757 102 2725 927 3047 1473
2794 2776 935 1038 39 2722 2135 2469 1844 3034
392 3081 2776 1842 1666 1810 2776 2408
2722 2479 1442 2750 2720 2754 765 492 1218

2720 2754 149 292 2379 1810 209 2776 662
1057 2453 1658 3014 890 3194 2722 935
2722 1872 1844 222 1442 2654
6 585 2720 1035 1399 1288 2665 79
2475 2754 209 1180 2452 767 392 139
2776 3158 2722 1198 245 3141 1844 2785
1057 402 2960 2722 2665 379 767 1611
114 2754 2042 6 2098 2906 2056
2754 1258 1921 394 2722 106 1844 3198 619
835 1810 159 1869 2962 245 433
3194 2750 2776 2026 403 209 2475 2776 2026
2794 2780 2922 871 892 862
1372 2483 2654 1844 1374 1663 1810 2776 2408
2730 2754 95 1479 1844 1284 2407 1894

1805 1595 1746 1057 1671 3056 1366 104 620
2717 3197 2379 1276 2722 2649 2628 249
1157 3010 2794 2722 3150 2720 1366 104 1030
1110 2750 2967 3150 3117 2968 3153 2794 811
1771 1372 3197 2145 2750 1572 2188 1810
2722 1243 2720 3177 1446 1057 1366 1611 3197 2475
2720 1366 1399 3200 2662 2757 3165 209 1076
1372 2746 1859 1671 2730 2406 1639 3197 3124
1824 1372 1366 2304 3197 1597 2925 2750 2954
3056 1366 1950 504 104 3117 464
760 1810 2475 1755 152 1764 2012 1766 2178
392 1550 3200 1611 889 3117 1764 1556 638
1549 2722 3112 3150 2406 1597 1434 3200 1721
114 1722 3197 3117 1671 68 1366 104 1179

1824 1549 2722 3150 2406 2687 3197 2794 2158
3052 1690 1582 1399 1671 2720 3197 2406 1611
68 1764 629 622 1611 1070 1671 2124
1057 3197 1399 1671 399 1813 3164 2088
2895 3197 3165 708 2483 2972 1554
2794 760 1732 1057 1671 2717 1707 1896 686
114 1245 1732 2026 2925 642 1366
2717 1798 2858 3165 3095 1387
1824 1549 3200 2853 1611 1669 2330 943 1399 2750
2720 3197 1057 1611 2510 3042 1844 1671 2917
1764 1766 209 384 3058 1764 318 1442
114 1581 1805 1732 2794 2382 1809 1671 1809 3197
1057 1366 104 2383 394 2720 3069 1366 367 1084
114 2475 2406 3197 2794 1611 2744 1813 3158

2720 2785 1844 3190 2754 1670 1399 1671 244
3056 3192 1535 1869 1807 1869 996 760 1245
2925 2753 337 3069 2377 72 2722 477
196 2273 456 3058 1515 2722 2662 286 2293
1399 1671 2754 2337 2722 2869 1844 2617 617
152 68 2641 932 1399 2722 3050
3069 394 114 394 290 1800 767 2678 180
630 2323 2340 2720 2320 2922 86 1399 2217
1399 1671 2754 2337 2722 1168 1844 2617 1016
2720 1859 2722 153 1844 1324 3202 767 1554
152 2722 631 3063 1446 1761 913
528 3117 2720 3069 1446 3014 1815 394
2750 2754 1941 3069 1641 2776 1611 1732 2600
2794 1611 2720 3042 3069 2754 1761 1534 875 1593

392 209 533 3056 2720 991 148
3121 86 189 2379 412 1671 180
1764 1556 1265 1399 2750 1572 2483 1431
3069 1057 1682 2567 3117 2723 2379 2552
3056 2754 2228 2750 2754 765 2227
2722 2956 1914 3014 521 2794 2723
2722 823 399 1267 392 823 3069 1442 1324 800
1764 2523 1442 2742 2722 272 1914 1844 1671
2475 2730 2754 1258 392 1607 2722 783 1844 1556
2722 2053 1844 3153 1764 318 245 620
2722 568 519 1844 6 3173 1485
2808 202 1844 2723 2794 209 2189
2722 3158 1844 2720 1442 2720 3069 1446 530
114 2720 1442 2750 114 2750 3117 2723 2186

2475 142 3197 2794 1764 2757 152 1052 2794 1556
1869 152 2664 2410 142 2794 2722 1216
114 1057 2722 1932 1844 3197 1366 1328 2617 2595
152 5 6 1712 114 1324 3030 1442 1092
1817 2083 152 112 860 114 121
772 2722 1006 73 3093 2554 1324 2836
1817 562 266 2794 209 3117 3197 95
2730 273 2720 2722 3150 1669 2326 1764 1993
2485 86 1119 3117 973 1859 3200 2425
114 394 114 394 465 2548 1057 6 1597
2016 1869 2106 1805 670
2300 3052 1442 1235 1869 1761 1110 3197 209 2809
2775 760 1366 1970 114 2648 617 394 617
1869 1170 1859 86 1869 86 180

3081 1442 1764 2954 2475 199 1844 1790 2055
2475 952 1110 2944 1869 2118 427
3081 3117 2722 2785 760 1366 1810 1163 154
2794 1794 1694 114 2794 505 2586
3081 3178 1366 2567 86 1861 890 2722 2292
114 1466 1436 1399 6 1812 3033
2720 893 3144 767 93 2697 1764 1766
2411 2725 287 114 3058 2739 715 2066
1824 1488 2662 1611 1366 103 3178 1844 3197
114 3197 114 1611 142 2567 1764 143
2475 86 1764 266 1442 786 1856 3145 1790
2518 71 3052 1442 96 2520
1057 152 2722 2636 1442 604 1790 114 1856
2475 1442 1764 1611 2567 2698 3052 1442 2800

2776 1164 3093 2408 2723 1347 2776 220 3031
2776 712 1347 2776 2032 1709 3015
2738 2938 1535 2776 1704 1396 3093 211
114 1844 2750 325 2750 1530 1670 2754 2688
2722 3176 3069 2776 1164 3093 2856 2408
1844 1750 1195 3093 1157 2723 1683
2754 394 2776 713 2376 2557 1670 1488
2786 2741 2076 2794 887
1597 3052 2776 1683 403 529
489 2794 2738 3015 293 114 2754 2381 1010
2753 453 1821 673 1110 2776 346
2794 2678 6 1790 33 1844 2776 1703
2738 1853 2475 1854 152 2754 3097 1597
2379 2072 2723 114 1755 866 2776 325

2475 1854 1267 1366 1440 2723 1057 1764 1758
114 1092 2617 935 161 1399 1764 2954
152 893 83 1936 1265 1184 1764 2929
114 2881 2723 2725 1999 745
2742 927 2720 2690 2722 805 1859 1318 2794 2438
114 1291 1373 94 2794 1041
1267 40 976 2794 2722 1529 3103
114 1158 1186 6 769 1637
3194 209 1739 2083 1844 2720 3069 1366 497
3080 1412 1442 2742 114 329 1844 2723
1399 1876 3149 2754 765 392 1686 2722 2605
114 151 3117 2776 2662 1188 1187 209
392 2754 149 86 1764 149 114 765 55
152 1318 152 1530 1764 2269 1373

3071 1366 95 715 395 2925 2776 78
1764 2954 95 1235 86 2776 1145 1186
392 1817 1764 1189 1819 142 639
114 1764 2415 1758 767 1157 112 1875 1978
1366 1191 2662 1611 2776 1618 143
691 2722 2829 1844 6 3160 1936
3194 3052 1844 2723 2776 2000 767 1435
1270 2256 2723 1844 114 1931 1446 2723 71
1270 1543 2723 2971 114 1270 2570 2720 3144
1110 2776 242 222 767 1270 1157
114 1092 1446 1399 2776 442 1270 399 64
1805 2026 2794 2723 392 3052 1399 2723 767 1581
2730 2718 1321 1810 1057 2720 3069 1270 767 2304
2436 3052 1270 1895 2723 2754 2776 2340 765 1929

1824 1347 1366 934 3056 1366 1844 3197 760 3178
1490 6 272 2523 767 2929 3200 1766
114 1399 2722 2026 2737 2519 86 1324 1697
2794 1639 1671 2806 2511 1844 3200 947
392 2436 3200 3158 3082 152 2722 1841 1442
2722 1352 152 2722 2086 2285 767 211
1764 2298 198 1411 952 2794 1324
1859 3200 370 1635 767 3091 133
3200 2380 1299 3093 1328 1671 2922 66
3071 1270 2925 3200 2501 656 767 2240
1869 245 3171 1366 104 6 3162 317
1270 1844 2682 381 114 1844 1181 2055
2730 1372 1270 2767 114 1366 209 417 180
2722 3157 3014 2750 1764 1611 3014 1764 638

1869 1366 2379 1581 3200 872 2794 1639
1869 3197 2653 3056 1366 1399 823 104 2266
1110 1301 3200 1683 629 403 2678
102 1399 1671 818 1914 3093 209 1077
3200 1766 1110 1301 1383 1556 2379 1267
2755 1366 1860 1179 2794 86 2722 3150 1761 717
2722 823 399 3195 1671 392 6 492 1193
3056 3197 870 1399 1685 927 2379 1554
3200 1728 2379 209 1764 1145 2954
3069 927 1810 3194 571 2379 1827
114 2807 2794 209 3200 245 2379 2178
3056 86 2722 359 1844 2750 3150 142 620
3197 2567 2379 1581 2617 2971 1265 1764 1936
3058 356 1739 360 889 1399 2722 1751 1844 1684

1366 1191 2754 3049 1810 1660 2794 1764 1758
114 2735 1670 3121 167 1830
2722 652 3145 3069 3179 2929
1844 2725 935 2607 299 893 325
2754 149 152 935 1399 1491 152 1399 1348
1011 2776 3158 6 1569 1923 1764 2026
114 2735 149 854 2794 2328 115
2483 1106 2542 1844 2722 2787 619
114 760 2475 1611 3194 3056 2739 1267 709
3052 2584 2817 2231 399 1542
2754 2856 935 3049 2856 2674
1399 2853 1982 3145 394 2776 2854 1107
114 2725 1214 1907 1697 209 272 2930
3058 443 1778 305 1399 2723 1446 1442 18

1366 1788 2303 2720 3197 715 1907 1778
114 2735 2794 3200 935 1805 1907 2368
1366 1092 1869 2756 1366 1092 3197 715 898
2720 199 2708 1844 6 2001 636
114 2735 1267 1366 2462 1399 3200 2205
2720 3197 3200 2340 245 918 3042 1697 2408
1347 952 6 1723 2123 767 480 2808 2404
2511 1844 3158 3052 3158 1399 3197 767 1218
2750 2428 1057 1764 2435 3197 715 1398
3069 2379 209 1739 1764 1167 245 805
1057 1366 1385 1810 222 245 1762
3056 1876 3165 1157 1556 114 367 6 2801
2732 1585 1732 1556 1399 1861 1844 3200 935 927
2717 335 3200 2002 399 1399 2026 708

3074 1442 1446 2720 2306 1739 3069 399 2304 1732
2717 2750 2234 2026 2720 3197 95 142 3197
1399 3080 512 1384 1442 2722 2576
3069 2406 897 3058 3200 873 1203
1524 1940 3120 2720 1936 767 811
2720 2794 1324 2607 1543 1810 2483 2468 1167
392 1270 2720 3180 1844 3197 1372 1270 399 2697
2720 3197 142 3197 2475 725 1324 2581
1550 1321 392 545 3052 1399 3197 1442 3177
1810 1643 3154 3052 1769 1631 2475 466
114 2617 6 561 2379 947 1324 3116
1643 1324 2605 48 893 3058
3197 2794 3200 219 300 39 6 602
245 1051 1859 2026 3069 1641 3200 2028 3154

1764 2806 1758 1399 1648 1329 1302 2567
3070 488 1844 3200 2026 2238 498
2212 2725 430 3117 1178 2123
114 2032 1961 394 86 2722 1759 1007
1366 2745 1180 2757 3071 1875 3178 1180 3145
114 1561 2896 469 2567 591 107
2794 893 1364 2720 10 2523 65
1399 2009 1079 1844 3042 2172 1936
1279 3197 2027 1366 2304 4 2475 4 2853
114 2794 2722 1739 1844 2026 39 2484 1732
392 2720 1442 1399 1764 2756 3080 1611 2794 3197
2755 3145 480 1323 1329 1324 2135 234
2730 1876 1057 2722 356 1844 3145 2214
1671 1057 1764 805 2757 2511 1399 832

3014 1446 2722 2083 1119 2285 1844 1324 1197 2954
338 1057 2722 2064 1844 86 2808 2032 3197
2720 715 1764 2247 2757 1399 1764 346 1415
1643 2725 2801 2722 3130 3061 2739 1203
3014 1446 1324 2523 394 2524 2690 2794 3178
12 6 1736 1972 2720 2603 1671 620
1805 1786 1270 1809 1324 496 394 1800
1160 1321 78 1764 2954 164
1270 1809 2720 61 948 1150
3069 1801 1230 1321 3117 1427
152 2964 1844 1764 2428 403 316
1366 3014 1810 2415 1844 130 967 1110 2731
392 3056 3200 559 1009 2922 1324 1572
2730 1497 1366 1667 2720 853 1707

953 2754 149 2808 622 1057 1764 2016
114 1561 865 2754 1489 2776 885
2722 434 1844 2776 3158 1159 2723 2182
1764 323 1399 2723 142 86 704
1057 1347 760 1366 1328 2723 392 394 2776 1192
114 1057 2720 2237 3058 1442 1764 692
2722 419 1844 2750 935 1151 1399 1671 1442 2999
114 2475 1764 1924 184 71 1442 2669
2776 2340 2754 1135 2776 1896 3158 2730 1810 1490
1869 1671 2794 3079 2754 1135 1446 840 1717
2475 2776 1197 1151 2925 1714 1220
481 1332 71 1859 272 1458 1643
2775 1267 1366 1235 2723 152 6 780 767 1026
1399 2460 6 1477 392 2990 1805 2617 1667

3056 2754 2381 209 746 2794 2368 1671 1559
114 1978 1764 1690 1399 2722 923 1844 2313
2925 2776 2420 72 1764 2340 1367 1002
114 2088 2723 2972 2755 2754 149 1083
3117 1707 1896 3029 245 266 34
2925 2776 1914 1366 399 2368 774 6 2581
1844 963 506 3061 1366 104 168
2720 2754 1399 1604 1671 2381 3098 1755 1167
114 1366 394 2750 3093 209 6 1125 2808
1057 253 86 1764 1623 2757 1859 2723
2722 1419 2720 2794 1764 2340 1366 760
762 2723 2943 770 1671
2617 1442 1764 1611 2794 2723 1366 2475 250
2720 1057 2776 2242 1764 2340 3093 211 86 3182

2304 2720 2754 716 1081 1671 1057 2483 962
114 1366 3093 487 2925 2720 1846
2510 1844 1764 1504 114 1366 2583 3093 1241
72 2776 2149 1643 1805 664
2754 405 1810 1611 741 1671 1239 2475 1374
2794 2368 6 1079 2925 694 427
152 1367 1764 2340 741 1490 2776 3093
1366 3093 33 2588 114 1597 2586
209 14 1110 2776 2992 114 1399 1764 2804
2776 2662 252 1766 1805 1732 2379 811
1549 1366 2808 1755 2070 2406 760 1446 3185
114 1248 1844 1877 1856 33 2697
1057 2723 72 1764 2340 1367 2979 634
1057 1366 1761 1772 1611 1321 3079 2754 765 1261

2730 1261 1671 3056 2754 3097 1372 890 1817
1817 3070 2722 3150 1442 256 1764 653 2794 583
1454 3117 2722 2525 1844 1086 1639 1671 342
114 760 1810 791 1399 1057 112 69
77 760 1810 3056 1764 1281 1265 3 2750 2492
480 1399 2722 2147 1844 6 518 3124
1157 1810 6 3102 1800 6 2131 1735
2794 1574 1878 6 2105 1891
1372 2754 3097 1534 1671 760 1810 1534 1671 1512
3056 1875 1958 1207 1267 763 2725 2525
392 1399 2722 1863 480 2475 2379 1366 2688
166 1018 2722 2956 3157 1844 1087 1697
114 1875 2585 1844 3124 3069 1817 2330 3124
494 3117 1605 1844 2723 3093 1810 2330 2475

2483 1167 1399 2725 287 2483 1399 2725 2449
2483 1399 2725 3030 2483 1399 2725 319 1062
2483 1399 2725 1130 2755 1792 1374
2483 1399 2725 1269 114 1343 2483 1399 2725 1340
114 893 1353 1265 1324 46 1993
3061 1446 1012 6 1457 12 2722 2217
392 2738 1916 142 1810 1764 1675
86 2738 1366 272 1399 1861 1144 266
2776 1611 1442 272 2717 1318 287 2794 1671
2236 2717 3030 2085 2717 1130 554
1844 1732 670 2717 1269 114 1341 209
114 1268 2723 1844 86 1685 2055 1366 316
3174 1399 2750 95 2720 2754 1670 2678
86 2750 180 114 1671 1739 3174 1639

392 760 2776 3157 2794 2554 2776 2340 180
1057 2712 1844 1556 2754 149 163 1707
114 1556 1805 1595 2717 2776 1611 3093 2552
1057 1446 682 2925 2720 1611 1844 2742
2730 1778 1366 1810 2794 967 2722 3157 1844 3184
3056 1399 2722 1533 1844 2727 1764 1556 1265 845
1366 2326 6 272 2549 2794 1671 251
2717 2720 3069 1859 2776 1353 767 681
2754 405 1810 2957 1671 3117 1403 1703
2436 2720 1764 1556 1859 2776 2229 767 1554
1824 3052 6 1251 2792 760 1366 1010
1251 2794 1267 2776 1611 1251 2794 717
392 3053 2475 297 2720 971 1805 308
2754 1670 209 943 114 3194 1366 1488 1446 1810

2475 2379 1366 1581 2644 2754 149 2853
1561 6 644 1359 2475 1612 928
1669 2567 2330 1611 2794 1671 2755 100 1790
2776 1600 3117 1671 2776 1281 1399 1875 1978
1057 2732 399 1581 1805 1266 1399 2742 923
2735 1399 2720 1366 403 1488 2776 427
1399 1651 1600 2722 943 1282 1325
1442 3177 1399 1730 114 1115 114 3176 2586
392 1287 1399 2776 573 715 649
2720 1399 2776 928 2662 1611 2406 890 811
3054 2776 2757 1869 2776 1282 3148 209
2776 1600 2406 1813 2731 392 2667 2697
1347 1561 888 137 767 2776 222 1218
1372 2776 2662 2971 124 1810 2776 2408

2739 2720 1267 2023 2794 1358 114 3093 760 1807
2720 760 1810 760 2722 2743 2739 1739 760 2408
3074 1753 1876 142 2729 152 2571
2898 477 114 2794 2702 2465
2739 2243 760 1416 1288 1188
114 1359 1770 2237 1110 911
2778 142 2722 1602 114 1898 1844 2725 929
1876 392 2565 1844 2725 902
2722 2632 1038 1442 2794 2722 2631 2662
2755 2794 1446 2340 1446 1862 1581 114 717
392 1372 2720 1038 3117 202 1410 1679
2722 204 3033 1880 1324 726
1057 2665 2744 2863 2504 394 2725 653
1564 2720 994 2469 952 3154 2717 3034

1347 2662 114 1618 765 2754 1639 2722 2382
3069 1561 6 402 1399 2722 1095 2263
767 2532 2722 222 1844 2776 378 1766
1824 1399 3052 2668 765 2754 2776 2443 844
2720 2804 2720 2699 2722 2581 1844 2776 619
1643 1511 488 1859 2776 2530
403 747 392 1399 6 1473 1844 2026
1767 2776 1766 298 112 1374 2205
1824 3052 6 1649 1267 2753 2961 1184
3069 1057 2725 1234 459 1878 2723
3058 223 2949 767 566 893 308
114 86 2744 2865 2794 935 2720 927 399 2326
2678 1292 622 1281 1844 2750 1508 2063
2722 1254 1485 1375 767 1603 1324 831

2483 2304 2776 962 1442 3202 2483 3002
2483 2304 2776 1186 1442 3202 114 1145 2530
335 1186 114 963 142 1616 1844 1732 114 1546
2754 1638 963 1188 2720 2794 2723 2213
152 1859 2722 1014 1844 6 2769 2114
2722 204 1452 3093 209 3042 883
2475 142 2753 879 2720 1399 2723 142 2335
2794 2860 2827 114 1057 2853 2744 655
1347 1650 1502 1697 2722 2564 3127 269
1372 1561 6 1501 1270 555 1324 1600 2826
1347 1650 1140 1699 2754 1521 180
1372 2754 3166 2929 2722 2591 1844 86 2776 2549
392 760 1810 2475 1366 1611 2723 1399 2617 2495
152 2754 245 1707 1707 1442 2776 1180 2205

1347 1561 6 3106 1265 1764 13 232
1110 2723 2722 1993 1844 2722 1033 3190
3052 1103 1267 1366 992 3052 608 619 2335
3052 1856 646 197 894
114 3194 2750 2785 2193 3014 2632 2785
2722 2695 176 283 3117 2234 1404
215 2722 3000 383 1844 2722 2056
1561 3085 3131 68 2725 1602 641
3194 2750 16 1444 2331 2794 1671
392 1338 1844 1874 114 2885 1116
1057 2631 114 1324 1994 2986 1859 2723
114 2754 180 2722 2956 286 142 1762
1869 1372 2739 2438 4 3117 2475 801 6 444
2720 1535 1597 1909 779 2722 3107 1774

1110 3197 1267 1366 232 14 1399 2722 2534
3056 2084 140 785 1399 86 1324 2845
1265 2108 6 2523 1844 3202 1399 893 2743
2720 1291 2296 1516 114 1526 3117 1321
3194 1809 2722 1520 1844 286 1809 2722 2662 2469
1844 722 1039 1399 1842 114 1399 1348
555 1639 1671 130 2632 2581 2697
1869 1110 2725 2083 1507 1998 2727 3058 2739 1203
1809 715 1366 3135 166 2722 1566 3073
1809 2026 2722 656 2953 1399 2722 2263
2739 3047 392 2662 392 1005 1844 670
778 68 3197 3197 1927 1844 86 2753
3194 2331 1446 3106 2567 114 3197 180
152 3117 3200 2373 1366 3117 2738 715 1984

3058 149 2754 1758 2720 2754 1071 2475 1593
2794 2510 1844 2720 3069 1159 2723 86 2776 1697
2517 2754 2776 1123 1859 2483 3162 2488
609 2776 2023 2794 1542 202 2608 1559
2223 1072 1758 114 2583 2168
1399 1145 1819 2785 2475 1369 2520
2438 2794 2722 820 2720 767 2776 1520 882
114 1159 2776 1936 335 2449 114 143
2249 2221 1758 1764 1612 2662 928 2652
1372 2785 1267 130 3175 1194 2732
1372 130 209 6 2295 2794 638
114 1639 2786 2529 699 894
1157 1764 1611 947 959 2717 2785 3018 1556
2475 2754 2052 1324 2315 114 582 1485

1824 2852 1758 3052 2379 209 2776 108
1057 2776 1783 1844 2858 1399 222 815
335 2858 114 222 1859 1764 1611 682
2475 765 2754 2808 114 2736 724
1639 124 1758 3097 2754 1810 1248 2304
2858 1781 1805 478 3117 1324 478 1024
222 1805 1938 223 2858 2794 1519
392 266 1442 266 1372 1788 1433
224 1270 1781 1805 2026 3097 2754 209 805
908 1810 2428 2475 1058 1555 1399 2723
2794 1639 1321 1755 1882 6 1154 2801
114 2794 209 2027 1844 75 3194 2794 209
2730 760 2776 1852 1758 1366 2691 2723 1347
2794 1639 1321 2330 1593 1301 152 1270 2413 1817

1764 1611 1442 2593 2755 1732 3027 1399 2332
1366 1611 1810 1546 2755 1546 2722 2408 133
2720 1611 1442 1688 3080 2234 884
2722 1897 2804 767 2096 893 3058
1877 1611 3014 1790 114 2730 392 1399 2722 2534
3056 1366 3014 3137 2794 1202 1446 3117 1764 1520
152 1959 1399 2632 1111 767 2438
114 2575 1302 1971 1399 1223 1844 2248 619
1810 2720 2722 2631 1442 1546 1989 1817
2717 3056 1302 1748 1365 715 1362 2722 1800
392 2720 3088 1760 390 893 336
114 2668 1221 492 1603 2725 622 670
2735 1561 1302 1366 2485 1328 1764 2804
224 1366 3165 1810 801 3197 3117 1764 2488

80 3052 2022 1764 1758 368 1084
2720 1268 2617 6 2311 2794 2408 1302 2055
2722 143 86 196 1442 1844 1732 3158
2717 3056 1446 1265 1764 40 2026 262
1824 291 1671 1810 1372 1366 1805 1732 399 3178
1597 1399 3200 1164 114 2732 135 6 928
2720 1888 1764 311 1436 2124
802 1764 1573 114 762 1671 741
3047 1446 1810 2437 2730 2599 2794 1686
2794 1653 2722 2607 2720 234 3014 3042
1057 2794 1805 1875 1920 1764 2955 2707
2717 1844 3200 1188 114 3200 1152 2794 2697
114 1732 1755 1732 2717 1399 1764 2954 399 2446
3200 1896 1164 2413 3197 3056 3197 1597 1399 1446

2794 1671 935 1107 3197 1788 399 209 1856
1057 152 3197 3047 3056 1018 3200 923 1366 925
2617 2334 3200 222 2567 2761 3108 477
1267 1110 2722 1067 2399 2761 2633 2055
2761 219 2535 2794 3192 176 2864
1399 2068 1844 2722 2321 1267 1366 2335
2761 140 1949 1399 2761 1342 1462 387
2436 1018 1366 2303 3197 1105 3069 3194 142 1201
77 3194 767 222 1561 6 712 1243
2554 1110 1324 1003 114 1805 1899 1943
2475 3200 2662 1348 3069 1693 2567 767 2544
1265 1742 114 1707 923 1669 209 644
1057 967 1844 3069 1276 2750 2754 73 2879
875 3197 3047 329 3014 223 2631 620

1550 1810 1764 1611 209 396 1371
1809 1764 252 152 112 1370 2408
2436 86 84 1764 2489 114 2028 209
2794 1861 1844 1861 2567 2617 114 890 2475
1473 1442 1764 1611 2795 2796 1473
2567 526 1399 6 3136 902
2735 1764 2954 2794 525 513
1861 2743 917 1535 1878 721
935 1473 114 2853 1442 86 1764 143
935 1473 114 2853 2945 2794 1875 3145
114 1399 2750 427 1442 1764 1436 2520
2761 2728 1399 1861 3069 3136 2311 65
935 1473 114 2853 1267 1855 1582 95
3069 2761 2783 1817 1788 1469 2322 1399 1861

3056 1399 2722 460 1844 3016 2785
1366 2326 685 1844 2722 937 3087
114 222 1643 221 1856 2232
1399 2026 1844 1499 620 114 1618 1486
2730 1399 2722 294 1844 2662 223 266
1844 1243 1844 1056 1844 1576 1844 923 1844 376
1366 2326 2725 128 1936 3165 1267 916
889 2617 6 222 152 3197 1665 1817
2475 86 2725 2028 142 392 2080
1844 2750 1877 2785 86 3197 2034
114 1057 2739 1598 392 3117 759 927
2739 1235 1810 2449 865 3200 3158 2794 2438
1057 3026 3069 1817 244 2738 2041 619
1267 927 2794 3135 392 1496 2807 2794 2026

1810 1707 1896 971 1809 2722 2081 2497
1844 2722 3082 3150 781 1859 2744 2794 480
399 3194 2722 1531 1844 1764 2853 1611 538
2643 152 1068 2794 6 513 764
2722 1736 1731 1265 1302 829 851
114 2722 2282 173 1722 2725 1896 2037
1401 1817 586 2729 163
114 1932 2069 1858 1844 848 73
1817 3117 2722 792 1844 2750 1739 191 2785
1764 1611 1600 1105 114 629 2794 1671 2610
2436 2525 1844 1321 1367 1581 1399 2750 2012 2232
3070 1270 1426 1825 801 114 2514 2842
114 2754 1399 2750 2381 1010 2776 1728
3056 2876 578 114 2803 1844 349 142 2520

3053 1399 2722 346 2720 1422 1669 430
3069 1265 1810 1004 2794 2723 1764 2853 2523
3053 1790 2794 2510 3052 1817 2794 2176
2720 1669 915 1764 1611 1869 2776 622 1690
1813 2662 344 392 3194 1561 2031 758
1366 1761 818 617 2304 1825 2722 2956 2292
562 1805 1856 2743 1856 2754 1707 1366 2742
889 152 3056 1018 1366 1240 2776 935 1766
2475 2720 886 1611 1399 1612 1105 416
3038 1810 2722 808 114 1421 1844 73
1809 1159 2794 1776 3176 1978
392 1641 129 1057 182 1324 1900
1011 2722 1018 507 1844 1611 2732 361
3058 2785 114 1885 1079 3165 2408 1446 620

1824 1788 2304 2720 1366 3014 943 1844 1281
2755 13 2331 1764 1025 2794 2112
152 827 1697 1366 1110 1764 2340 679
152 1110 1764 2497 3069 1399 2776 354 767 1554
2720 1442 1764 1332 1844 1611 1372 1366 1267 2134
1561 1321 2720 2833 1366 2223 71
1463 2794 2722 2785 1810 3117 2722 2785 906
2475 2720 1764 2340 367 3022 1057 1764 2539
1788 247 2755 1399 1764 1769 2180
86 1097 2720 264 86 1476 1844 305
2720 1446 555 2475 2036 209 2540
2794 1534 1057 1813 86 2776 2630 1844 1180
1057 1813 2750 3082 2889 1366 395
2300 2754 1764 2263 1399 1446 2754 149 1764 86

81 4 2853 1366 1267 1179 1305 114 2732
114 1631 1764 2340 6 1743 2794 2722 2965
1183 1707 1896 2757 2480 438 3052 1442 1739 622
1631 1856 1848 1844 63 1790
1739 2853 1446 1442 2720 1366 1267 1598 1859 2858
155 114 2587 392 394 86 12
2738 295 1136 1764 1281 122 3202
114 3154 881 2089 2723 1764 266 1844 1611
1817 86 1442 763 1267 3052 2379 1267 1805 845
1707 136 1366 1788 1732 3093 1211
1859 1795 2079 2794 2861 112 1857 1107
6 1172 1399 1611 2794 3079 1366 104 513
2730 1157 1671 3040 1797 1764 1287 2722 266
889 2794 2776 2098 114 1739 1739 1623 354

1824 1057 1764 2288 760 3197 3117 1086 449
2722 1229 1173 1844 1764 1255 653
2720 715 1810 272 1057 1764 1556 2091
2717 2095 1673 3069 2095 1648 363
2731 481 1446 2720 1764 1766 2155 6 348
114 93 2731 1764 1769 1442 2606
2794 3052 1446 3149 1399 1561 2722 816 1243
1975 1671 2730 114 3113 1366 3047 2197
3071 1561 6 3094 1926 1366 3093 788
2020 1844 834 1 1764 2600 1410
1805 289 2720 1366 3093 288 2745
1809 769 1937 2794 547 548
1975 1671 2730 622 1107 114 1366 162 3188
889 2720 3200 1975 1442 865 2794 597 1671

3200 1611 114 1975 767 2716 1395 1008
3069 2983 2307 2543 2925 1764 376
1057 3052 410 1366 3074 397 1671 3042 1869 1374
2475 3197 1826 1764 186 1764 1180 92
3197 142 1764 86 2722 3150 114 1366 1761 2598
2794 1488 1764 2385 114 2028 1110 3200 2804
1807 840 2794 1671 1809 1366 2794 1807 85
2720 1764 2559 2355 1869 428 2242 1869 3182
1399 2475 2074 20 1366 2771 86 410
1844 1876 2976 2720 1764 41 2355
2794 581 114 2794 1028 2574 142
1658 1347 3117 1764 1783 1366 760 744
3197 142 2475 2602 1399 1764 2104 361
2720 86 2722 3150 263 1693 142 620

2436 1366 1538 3197 1707 923 1442 1399 1764 1703
114 2720 3069 1185 1671 2794 1171 11
767 1914 1324 1121 114 1442 1917 302
2334 2327 392 833 1442 1878
1057 1446 1805 1079 674 2794 2722 1281
1844 285 1844 1038 1869 2386 3069 1446 767 1514
1844 1324 2118 1837 1265 2722 1703 1805 1914
1809 1324 1896 2974 1329 3052 1446 767 418
1057 1372 1446 2326 2722 2268 1869 1146 2425
2722 1739 2662 964 1869 667 574
2722 1744 1869 2722 2316 2722 617 1869 1800
2722 585 1869 773 1446 2387 2727 2794 3200 977
1400 1844 1732 2204 3117 3197
1764 1739 2853 1703 2775 1642 1707 2917

1869 3068 767 1764 1703 245 587 3117 3197
788 2922 2722 1726 1980 2750 1029
1869 3068 2379 1366 2304 1707 923 2287 2853
114 2720 3200 1611 2690 1446 2750 82
2794 1639 1844 1727 114 2744 1407
2617 447 152 3200 2662 2340 2210
572 893 186 6 1944 266
152 958 152 1837 2794 1324 210 160
1824 4 2722 1018 4 1029 1399 1764 2327
114 1764 1197 1703 1739 1480 789 1446 2922
1707 923 3042 1493 3052 3117 1324 1231 1442 2
114 2794 1324 1908 767 2035 2722 595
1372 1446 209 2007 4 2722 1547 2435
2720 1707 923 1622 1446 114 767 1018 238

2753 1573 2720 1366 234 1267 3177 760 1554
889 2753 2720 2284 1366 555 1810 1611 3197 624
3194 2730 1764 1459 1484 1805 2148 3081
1764 1739 1119 1025 2406 70 386 467
392 2161 2785 3080 1701 26
577 1399 5 2982 114 427 650 1844 1481
2685 2281 222 311 2722 2390 1429
755 2600 1706 2794 2722 564 1844 97 2744
81 3081 970 1844 2786 2874
1697 1366 1810 2730 2304 1817 1366 1611 3197 266
3056 1366 3014 425 1825 1402
588 2722 2041 772 1844 2722 2217
1611 1442 6 183 2730 1697 1366 1810 2304 2475
2794 1157 1119 1223 2794 2720 3069 2567 767 1218

1550 1671 1810 2794 2722 1659 1844 2853 1706
50 1389 1611 1442 1810 1611
3069 101 3056 1446 99 1012
1869 254 3117 2722 2194 2794 2192
1824 1805 1446 1442 112 891 1658
2720 1600 1859 2701 114 1442 1788 2378
1446 1442 2722 2546 2794 893 2995 198
3080 3159 2893 102 1324 1293 209 2679
1612 1810 2786 1053 2755 2265 1577 114 443
3120 1324 253 2417 495 480
1611 101 1810 3117 1324 364 1345 114 3035
392 216 1446 1878 889 2794 2722 831 1844 764
1372 2750 209 878 114 2925 1671 2089
1366 1788 3177 1809 1805 1645 890 1616

29 1671 2775 2720 1366 1267 2308 86
3061 1366 2406 3200 1197 687 2202
1076 2925 3200 625 1611 2794 395
3064 86 323 760 2780 1671 617 394 617
2720 1366 1267 1104 232 3117 2893 1706
114 1158 2794 2785 3200 1896 623 2242
2720 1366 1267 1327 2285 2794 86 2722 3101
3069 2406 2828 1671 956 1110 3200 2425
325 335 1764 3092 114 879 774
114 1859 1463 2079 2650 28
367 1671 3120 2722 1552 1844 3200 1113
392 2400 1810 166 1671 1399 3200 2989 1261
2436 1764 132 2306 1366 715 2598 2794 2088
2722 525 114 2971 1844 3200 1611

1561 152 2794 1639 1877 136 1732 1465
3117 819 505 3026 1877 1908 2927
152 2794 2051 1877 1644 2904
3026 2416 2794 2414 2419 3056 3026 2100
889 2475 245 1119 1844 3200 1773 2667
2794 288 2297 715 1366 1098 1764 985
114 2415 1844 3041 1092 6 1473 1844 1680
2794 209 740 875 2720 2732 3014 2853 1780
2775 2008 1399 1611 2675 127
2722 1377 2720 3047 1810 1203 2794 963 163
114 375 2794 1677 6 1275 2549
3069 2135 1844 1182 3165 394 1374 209 598
392 2731 1366 1527 114 1010 2722 1548 2853
797 2006 1321 2720 2475 990 2415 1844 3197

3052 2020 1267 1366 798 1844 2445 2694
752 1110 1567 1091 152 1298 3120
138 971 2794 1339 114 1339 2794 971
2567 1604 3056 1366 2303 1764 2340 2794 3098
3052 3174 879 1265 1764 1281 491
3071 1446 1265 2756 1446 2340 2475 296 1788
1347 1267 1707 927 1878 1844 2725 2521 232 1022
1399 2722 754 1844 2750 1630 995
1824 255 1844 1374 1817 1366 1010 2853
2720 272 1442 394 896 2567 1631 272
114 2273 1611 3056 1446 1442 382 115
1222 936 2717 166 1018 1732 2600 952 1198
2475 1366 2223 2151 2794 1764 532
114 1124 394 1377 2765 1732 2717 1366 1267 2520

2720 3197 3047 1860 2891 235 1671 1817
114 1057 2720 2492 3069 1366 2730 715 987
1781 1761 1366 2881 1764 2825 342
2895 1764 1787 3047 349 1869 1242 2558
1057 1372 3197 3047 394 1764 2892 2378
152 1366 394 3201 3187 1921 6 1298 1844 2785
114 1366 6 2875 1267 1805 1541 2679
2794 3037 1347 1860 1366 2622 1399 3200 580
1824 2720 1877 1800 1844 3124 1697 1267 2189
1764 657 2355 1347 1252 2853 2492 1326
114 2490 2794 3197 152 3197 2794 1671 2730 2709
2722 1352 2290 3069 3168 334 1021
392 2720 3200 2839 1817 227 6 981
1707 2138 3201 114 3201 1761 2137 1671

4 272 2794 209 2967 2717 2967 883
3056 1810 2794 209 2155 2207 1844 245
114 2722 1463 1993 1607 3069 1442 2475 655
1810 394 1877 989 392 394 1876 2327
1057 3081 2406 1876 943 54 927
1157 2289 2794 1764 2531 305
1869 1859 1764 1097 3081 142 1096 2522
3069 1399 2725 3096 557 186 3052 1366 2745 1180
1805 1366 104 2720 1366 104 114 2739 2720 1552
166 1764 19 2159 2922 2725 1896
1366 1669 209 2583 2755 2739 2729 209 275
394 2725 2135 2757 1764 653 1761 1810 209 2412
2895 2750 1144 896 2739 1636
86 1684 142 186 114 1399 2725 188 2179

2776 1151 2776 2677 142 3120 1764 346
1119 431 3117 1513 1683
3069 2379 12 2720 1368 2135 2185
278 86 614 889 2794 887
1869 166 2722 1533 2475 1593 152 346 114 1281
1267 930 394 1769 2794 2611
2783 818 2794 2143 1839 3195 1324 1914
1844 2723 2776 2163 1788 399 209 1715
2720 2012 2222 555 1810 2475 1755 1328
1809 1778 1366 2683 2776 622 1611 2794 2312
2735 2794 1157 2727 1110 1671 3014 1366 320
2794 2857 2753 2677 2720 2154 2723 1732
2794 1466 112 46 2794 2188 2723
3047 2794 1392 1073 1399 1671

1805 2785 2754 2381 1810 316 2720 1366 760 427
2776 2111 382 2922 3117 1795 1697
2794 1671 142 1813 1816 1813 2586
2739 142 392 787 1844 6 1080 2425
1877 616 142 364 114 2735 3026 47
3052 2754 765 1046 2925 2928 2720 1442 1856
114 2141 1639 2727 329 2794 1877 693
2717 2745 2720 3026 234 1267 1278 2727 2800
2776 2177 114 2723 1366 335 668
1810 3134 166 2722 2041 1809 2722 1923
1057 2776 2164 114 3052 3026 2326 767 1554
1631 1732 1869 1546 394 2776 535 1259
2750 1366 760 2979 114 2750 2379 890 209
1366 3093 209 2853 701 2776 2315 114 2723

1372 1764 622 1611 3047 392 2722 452 1844 2549
1446 1697 1057 1087 205 209 2885
152 2607 2794 2786 1611 1869 2794 2786 1261
3034 111 3034 1869 1039 3117 1039 1133
1805 1446 3014 380 952 1110 25
1446 2623 1810 1399 2471 2011 1809 942
2881 2722 310 1844 2760 734
3064 2716 1438 2785 1877 957 397
1446 971 1810 2008 2720 1308
3069 3149 1859 1532 1844 2405 1345
392 86 95 2545 1351 2010
2720 1446 1809 1222 3117 1285 1809 795 3117 2410
2794 2750 1366 3122 395 2722 1055 1844 2785
3069 717 1057 1182 3074 1267 1582 1057 580

3048 172 2794 1671 1366 328 2722 404
3117 1764 919 2722 1885 1336
1869 1500 1197 203 1057 887
3069 2090 1732 2404 2717 3015 1869 2274
1267 1366 1810 2335 812 1859 1079 114 964
1603 86 114 1732 394 1930 2808 1755 2199
1057 503 2662 1075 2432 2302
1974 2768 1399 2725 1142 2520
1805 1550 1671 209 1840 1399 2776 1281
114 2678 2754 1764 1838 2012 392 1101
3069 1442 1810 1720 3117 2324 1493 1805 149
392 1763 2195 1862 1671 1057 2723
1301 2754 2609 1413 6 2853 2497
3056 1739 1388 2545 1533 1399 2776 538

1399 2722 1856 73 290 3014 1810 558 935
1869 1372 1446 3047 1446 328 1810 223 1766
392 1817 1442 290 223 2616 1295
114 222 2454 3117 6 205 2382
1057 2436 818 1243 1265 2108 1859 1770 2023
938 2722 1091 3117 150 943 331 928
2662 222 1265 1805 1766 1805 1330 343
392 1442 2071 1372 1810 1585 1399 741
2735 1764 1718 927 142 2142 290
1302 927 2475 2627 114 2739 1747 2330
166 2617 3074 1810 329 935 1805 222 1496
2456 573 3117 6 943 882
3194 2475 2739 1746 228 1844 2725 3124
2720 893 2804 2306 222 2406 1597 2475

1347 1854 3056 2754 1764 1760 1760 1985
2925 2720 296 3139 3080 1742 2502
3117 2776 2662 1015 3056 2754 1147 2658
2722 3110 508 2720 1707 820 517
760 1366 871 2753 1447 2720 1803 1525
2794 1482 2722 2708 1441 1844 2776 1243
3071 1764 2012 1577 3069 2406 2720 1257 2146
166 2722 3140 321 394 2723 315 2544
2794 209 2475 2779 2739 3165 427 2725 2549
114 2448 3117 2753 606 455
1825 3079 2776 1015 2991 3117 1145 1127
1643 620 3139 1732 301 2717 1586 1577
2436 2298 1447 2475 1251 142 1399 2750
1157 2727 2776 1015 1671 2776 1577 2794 1482

2716 911 1844 2523 1399 6 3015 1844 2382
1442 1626 1399 36 114 2783 36 1626
1442 1952 1757 306 1119 1844 291
2299 921 2269 589 1810 2794 2857
859 1805 2491 392 699 2583
1923 2148 1357 114 1805 2491 1235
1923 2148 1263 152 6 2655 190
1859 2104 1500 2794 1639 2722 2680 1629
1629 1399 2107 114 1399 2017 2475
1235 1268 114 1399 2116 2794 1267 921
6 304 1399 2079 114 2089 6 2956 3124
234 6 1457 2082 243 6 780
86 2750 2722 3150 3042 1493 3194 1807 1493 3042
2794 2414 2722 1287 2720 1522 1684 2794 2750 1298

1764 1718 927 142 1813 1561 2722 2636
546 1442 952 1732 2167 2717 1302 1577 2167
1372 2474 209 3073 3081 2730 1302 355 142 806
1372 1238 209 3109 290 3109 1218 1859 1302 1272
1366 1267 2335 2264 605 2167 114 3073
392 1805 2617 2264 2326 1366 1399 1302 443
114 1399 2483 1949 1442 2732 1732 670
2717 1399 2722 356 2720 1110 1764 1718 2169
1366 1611 2794 1276 1302 2510 3194 3042 1366 1488
2720 1760 1265 6 952 1732 1992 2500
1366 1191 1366 1788 2303 6 1173 1171
1764 1718 3056 2392 2992 2834 1859 2722 1216
114 3194 394 1287 1366 2745 1764 1611 152 2139
152 130 2392 246 3117 943 493

2754 149 152 2873 2475 152 2754 149
152 2753 3080 220 2087 1639 2727 589
1057 3042 2754 1489 2794 1764 622 768 1281
2754 149 2722 937 114 1739 2032 1452
3194 1399 1180 940 2483 2304 2720 2723 244
2776 928 1265 1810 2722 2023 2794 1639 1611 1212
2794 2304 2739 876 1366 607 1810 209 2475 320
102 1366 2659 1446 2794 1764 2340 95
114 2794 209 2646 2720 1442 1810 943 1366 2659
6 2758 1213 392 2746 1859 2776 928
1861 1859 123 1777 760 3122 211
2776 290 1442 937 1399 1764 1460 1978
1399 1813 149 2754 290 2300 1399 2776 653
114 2731 2750 2452 152 1366 2745 2067

2742 927 1366 1611 114 2739 152 1977 1671
1490 2776 1281 2812 1671 3117 736
1267 2108 1859 290 114 1623 1747 209
1599 3117 2049 2279 2925 1764 1902
114 2856 1810 2722 1734 2636 1844 1287
272 227 2722 1204 443 1844 2722 826
1809 2720 1119 2546 2720 2933 1399 2722 889
767 1239 2720 1167 2794 2722 2476 3050
152 2753 2871 1749 927 226 2776 928
1824 1550 1446 2730 152 3042 260 2776 1281
2794 1746 1057 1671 2436 1749 767 2723 1186
114 2626 2776 1975 1561 1399 893 1914
2730 3093 1366 2659 222 1310 1442 290
114 86 2739 1091 2720 2776 500 1496

261 2720 1281 2720 1641 1764 1281 2794 1212
1057 2720 656 3167 1446 1159 1764 1107 114 1671
1443 1810 865 2794 2814 1671 95
392 2457 2794 2458 1764 2663 1107 1761 209
1671 1110 1764 2340 2776 589 923 1265 2679
114 1764 1797 2340 2754 1253 1258 857
1844 1321 1764 2340 114 2723 1366 104 1082
6 2812 2765 2762 2775 2794 209 584
2059 1764 1281 1399 2776 2558 333 3005
392 2730 1764 1108 1281 1550 1764 2012 1281 189
3076 1468 1671 1550 1764 1281 209 1324 1224
2754 405 1810 2730 2929 2245 1399 1764 1128
114 3194 2754 3097 1057 1366 245 1939 1399 2723
1947 104 2742 114 86 2720 1442 1399 1671

2475 1817 1366 1267 511 2720 1270 1442 2742
114 1366 1764 2340 104 1738 2794 2776 3093
1764 2340 1367 1068 2475 2720 1875 1707
2754 3097 2219 2794 209 1764 482 2567
392 2754 3097 1810 1809 1270 3093 1810 209 1101
1057 2754 149 567 114 1270 1442 1473
1270 1528 392 2647 2794 3178 1057 1671
2881 2720 322 2720 1321 152 1020 767 284
2722 2551 1844 2776 222 2754 3097 2678
2754 2934 2720 2109 1084 86 2794 2929
114 2618 6 1107 398 637 1057 1764 2288
2475 1321 1366 1603 2770 1764 2891 17
1321 1267 1366 1607 2754 1258 335 1321 114 1671
1270 1931 2722 3078 114 3194 104 1366 1810 1101

3077 1265 1302 3113 2754 1258 2776 3093
114 3093 2794 326 114 3093 1399 1890
1732 2717 865 104 1366 2720 2957 2723 2567
2794 2776 2662 3093 1643 44 2775
3097 2754 3080 3093 1442 1508 114 2508
1810 1860 2978 2794 1313 1764 3093 1399 2742
2379 3093 1399 1876 2330 2242 1189
114 1399 1764 3093 1805 935 23 2397
2722 2316 86 3022 3194 2155 2130 2567
114 1399 15 42 2794 1324 2576
2475 2754 245 2234 1399 3093 39 2794 2776 3093
1861 3093 1844 1707 2794 1639 2776 1508 3093 1732
1550 1805 2891 1805 935 259 1471
2745 86 392 1861 114 1671 1399 2720 1861 3093

1372 2776 2497 440 2723 2720 1366 480 2475 1774
2659 2794 2776 302 2497 2720 1366 3014 2776 3093
114 3093 2776 2497 1493 1442 51 2732
2775 952 1057 1611 1764 1615 2662 1118
3093 3093 1118 2722 2836 1844 2776 1611
181 1008 1446 1119 3117 3096 114 1764 3093 1861
1399 2744 1844 1197 2152 3117 416 3026 2088
111 6 1818 1861 1442 2160 1807
2730 1399 2722 1818 1550 1671 1920 2915
2755 1399 2776 2577 27 1366 1861 1761 209
1057 1813 1328 1671 2475 1446 1990 2723 1328
2720 1813 1671 6 2484 2662 2794 2723
1639 392 1764 1766 2776 1611 114 1611 2720 2567
114 2730 2754 1610 1671 1057 1764 1766 1442 3093

2754 302 1053 1611 3052 765 2754 2794 1707 927
2720 2739 244 114 2326 1810 3052 2739 2326
2739 1488 3052 222 1442 2326 3058 1446 1555
3194 3052 2722 266 1442 2678 2722 3157 2794 209
1372 927 550 394 1889 1600
209 113 1399 2722 208 3058 86 1684 2240
3081 1844 927 945 1258 2754 1069 1337
3064 2722 1459 1844 1764 1281 1442 2781
3081 2406 1764 1281 2745 2720 6 2371 1997
3069 1764 1281 1493 2722 3082 3151 492 1978
1869 1707 927 2327 2750 2304 2750 1442 1810
2794 2108 935 2858 2925 2475 1091 6 928
1399 2744 2242 2853 1764 1281 114 927 1267 877
114 2794 2750 943 1980 142 2739 1817 2823

3056 1764 1611 2661 2720 2392 1442 1631 1844 2858
1366 760 247 1302 2755 1366 1488 2392 1555
2720 2392 1697 2745 1671 2483 2918 3202
2894 1399 2722 3151 943 2613
2775 2939 2746 2720 2392 2747 1671 3198
102 2392 1493 1764 619 142 1923 2722 266
2434 1366 576 1302 944 2804
1859 335 2421 2775 1442 2432 2858 2645
392 3060 2306 2392 1810 2392 1442 2890
114 3060 2304 1810 1366 2720 1366 104 1856
1824 1612 266 1233 1442 1399 2332 2857
114 73 1399 1611 1622 1810 2794 1267 3191 2800
2735 1366 1554 3117 1302 114 2392 3117 1671
114 1399 1877 963 394 1555 3026 1027 209

1824 395 1810 1671 2794 1464 2722 3182
2720 2776 2892 1520 2925 1764 1281
3167 1671 1810 3117 2742 923 392 3117 2776 2804
2929 2023 3117 2023 114 2459 1671 1810 394 149
2697 1671 2754 1610 841 392 1399 1764 2425
622 1281 1059 2794 1163 2742 923 154
3052 1779 2754 3167 3117 594 3056 2776 1697
1442 1732 2717 1764 1831 664 399 280
1550 1671 908 2723 77 1764 1611 3042 1493
1302 2049 1600 1267 232 1707 852
114 2735 1110 1764 928 2392 2865 1764 1043
2720 2739 841 1697 613 2725 1419
3194 760 1810 2475 392 2436 1366 104 1774 2451
1471 1671 1883 3117 1600 114 2239 1764 1902

209 3112 152 2754 149 589 760 1810 2047
1764 2806 1925 3117 2808 1755 736
1549 2492 1542 1671 3145 114 3145 915
2722 1647 1844 1764 1976 1902
1372 1366 1697 2691 2723 3116 272 1446 3047
2755 1810 2794 1611 3194 1611 2794 2697 1671 2475
152 2715 2415 1684 3056 2725 632 209 1774
1805 1796 392 1274 1110 2725 1964 1488
1057 1372 1366 2406 696 1366 2406 1218 1629
114 1399 1764 1632 1697 2510 1374 1844 2723
1817 2750 1376 3150 1442 1221 2475 186
1629 2455 394 1629 822 248 209
2720 1366 1669 1810 209 2475 1809 2754 246
211 2742 927 2583 2755 2776 2083 1281 1171 3082

1399 940 1366 760 1810 1611 2723 3117 1707 927
1057 2739 1399 2723 6 2758 879 1811
392 4 1764 1281 2720 1622 3052 2739 698
3074 1399 701 1844 2965 1442 1991 2794 766
1809 142 1707 413 3117 2776 2805 2862 671
1809 2708 989 2794 202 2817 2078
1809 2688 1809 2469 693 2794 209 1437
2794 130 2357 972 3117 2723 95
392 1764 1023 3123 1809 1764 1023 2356 399
748 1861 1054 1281 1110 2366 2723
3074 1535 2907 2722 1562 1844 6 1645
2776 2083 1282 2457 114 2946 3172 2794 209
1862 1764 1980 2775 952 1366 557 1764 1124
2720 2392 2720 1641 1671 2435 179 1671 1902

1611 1442 1764 2435 114 2776 622 2971 1261
1261 1844 1764 2435 1217 1859 2437 1623
1824 392 3117 1707 493 2754 2742 1896 2549
114 2754 2381 1010 1446 1691 1810 2208
1869 1372 1446 760 1810 1110 2753 1577 1844 2742
2720 1267 2071 2725 2310 1873
114 2319 943 323 1844 1611 152 1854 152 1707
2252 1876 231 2226 1844 2725 2200
209 1446 1517 1366 1611 2723 152 2754 1610 2753
3079 2742 927 3138 152 1707 1393 2723
2262 1975 1399 2776 1281 2720 3056 1446 1222
2776 1975 1669 689 2794 1973 209
1372 2754 765 2328 2794 1267 3052 2754 765 1313
394 2343 1670 2754 209 676

1587 152 6 411 1363 2278 2794 418
1861 1844 1302 975 575 372 180
2369 774 1302 183 114 1641 86 2670 743
1399 2107 1844 2722 2743 2392 3165 1267 2552
3071 1302 1784 452 1329 1302 1399 436
579 2794 418 1302 3080 391 410 1442 256
2794 1047 2720 3069 1035 234 1302 928
1810 2065 1302 2012 1409 734
2475 2277 2754 68 2720 3069 1035 1110 2723
3071 1366 2776 183 436 2723 60 243
392 1372 2754 418 2776 1338 2863 184 2794 1671
114 1984 2722 1741 1914 1482 1671 209 1473
2475 3093 1366 2030 2720 2754 1670 1267 2776 3093
1372 2754 2863 184 114 1764 1608 592 2567

2871 1622 1366 1267 1844 482 114 696
3069 1561 2871 2524 760 2625 1671 2567
2722 272 116 1442 6 1645 2242 935
2722 3155 2523 6 3128 479 1374
2794 3098 1671 2490 2794 1298 1764 993 896
2703 1764 272 116 1110 1764 2420
114 3165 550 1764 2286 2794 209 6 707
3142 1324 2102 3117 1302 1091 2055
114 3068 2720 1764 116 209 2864 999
2654 1366 1669 3194 1810 729 2697
392 245 335 1110 1671 335 2794 818 1107
1366 1225 1861 116 1399 123 1298
3194 2750 2379 1366 1772 1488 392 1581 1399 771
2783 1764 186 116 1016 1764 1180 1861 1878

2753 1577 2720 1612 1896 1243 715 1639
358 1084 2722 2500 2720 2284 1366 1261
2794 1671 2720 1506 1057 1302 2288
392 3056 2392 2303 1764 3125 2549
2583 1399 1302 1281 715 1689 480
450 2720 2804 2720 890 2662
3014 2930 1399 1160 1145 764
114 2690 1446 2775 115 2794 1202
1366 1261 2392 100 3117 112 845
2720 1048 1446 152 1145 617
767 1047 1800 3074 1561 6 999
1110 1287 2794 1298 1442 1040 180
1366 1261 1110 1261 180 2392 2764
114 2301 1764 1556 2305 1810 3197

2012 2497 2722 423 1844 1764 2437 823
1764 2437 823 2738 2150 2025 147
3081 765 2754 1970 3120 114 2620 627
1907 2776 1885 2993 2475 553 1137
3081 2475 1508 552 1268 2475 2404 6 1531
765 2754 2925 2776 933 1649 2516
2379 3153 1417 1844 2750 905
828 2922 2776 432 1442 2750 2776 319 845
2730 2497 1581 2754 2925 2776 2363 1605
114 1550 2720 1970 2794 76 2776 2576
393 2714 758 1399 2351 1345 1844 793
3120 209 980 3121 209 2234 1805 1732
2475 2379 2754 983 1859 629 2720 986 1859 1684
114 629 1860 620 2733 1805 1732 817 2730

1764 1611 1442 152 6 995 1596 2567
1057 2720 3069 1595 1822 2722 739
985 1859 2720 3069 767 2046 2722 1374
2716 2880 2418 136 2794 1990
1764 2148 2722 1963 2794 1764 1611
118 2720 1324 2039 142 1810 1469
1265 1538 1671 114 1366 697 1817 139
693 1442 629 3069 1962 715 904
1923 597 1366 104 1817 2148 1442 1923 410
114 1100 3117 892 2902
1764 2757 114 1764 735 152 1629 1685 142
166 2133 1110 2722 2858 2939 916
1057 1366 1267 2673 2723 935 114 2756 2723 365
3074 149 152 290 152 1298 152 608 152 1800

1824 1671 3052 927 1265 1611 2108 1399 1764 1272
3069 1267 1805 549 3117 2853 2425
1869 1372 2739 1267 3058 1442 1764 1459 1030
2720 422 946 3052 2739 2326 144
1372 2720 209 935 3063 1764 943 927 766
3052 1673 2722 3150 2794 2304 1446 1442 1810 2475
1372 1446 209 1810 2730 1611 767 3042 677
1612 923 1442 1810 2475 2853 152 86 1685 1805
1347 399 1446 1824 1347 399 1612 923 209 2853
2720 1442 2475 2958 3117 3020 114 3117 2694
1805 1662 2730 2755 1366 1716 1764 2965
2722 2636 1446 2340 2336 1810 2783 1287 468
1824 594 1611 3117 2694 2754 1467 1671 302
1549 927 3044 2776 1091 963 2406 1010

405 2754 1824 589 2304 1366 1611 2723 1810
3056 1366 72 1764 2340 3117 2723 1915
760 1366 1810 2745 1859 2723 3056 1366 1076
104 1844 1764 2340 89 1057 2776 2288
3074 1264 2723 2720 1366 760 395 1764 1107
1859 3079 1114 2754 2720 1366 760 966 2925
1771 1372 2754 1609 1859 1671 760 1366 1810 2516
2225 2925 1764 2340 3117 2041 1721
3052 1690 760 1366 1399 1764 2340 2214
2720 1442 2475 2083 2776 2364 2794 698
3056 86 1764 266 767 3156 2776 662
484 394 2722 1742 1844 2742 927
392 1611 1261 1859 1057 1817 1366 1488 2776 1703
2753 2720 399 2326 2754 1610 114 1366 104 302

1824 1110 3052 2023 1258 2754 2750 2024 1697
3117 1425 1764 1281 2794 2657
2794 1639 1671 1157 2722 1554 2794 1764 2853 2425
114 2659 2720 366 767 1810 1186 2722 617
3057 1258 2754 2750 228 1844 2744 1374
2720 1399 2722 2956 2173 1844 2776 653
2732 1442 2617 2591 114 3011 1844 2449
2720 1399 1764 1703 2776 3157 86 266 900
3074 2690 2723 1347 2794 1639 1671 1611 2723 1732
2722 1732 1366 1276 114 2326 1463 419 1844 1261
1824 2755 1366 1611 3052 1876 760 8
3117 1876 2754 2407 1810 8 1764 2549
1372 2776 2921 2132 1611 1399 1671
1732 3164 1366 2794 209 252 1844 2723

1611 1442 2808 3198 2794 1488 3052 520 1442
3194 3074 1493 1810 520 1442 329 1844 1611
2730 1145 439 2927 1810 1764 110
1549 1229 1844 1764 963 2776 2662 2340 2088
1057 2754 270 1671 1366 760 269
1764 1806 1914 2794 1764 1214 319 2835
1764 2497 767 2697 1764 318 2720 1270 1669
2848 1399 1611 1034 2553 1805 955 2148
392 2250 166 2776 1766 767 2003 1878 2723
152 1324 2849 2064 2083 1844 2750 2055
1270 1442 533 2776 2012 796 2794 209
2794 2544 1399 2776 62 941 394 2776 2420
1805 2998 1844 520 1328 1446 2720 1366 395
1302 1611 1057 3080 622 1611 1366 2249 114 941

1399 1623 2723 2754 1489 1366 104 1083
392 2754 149 2868 1083 2794 1671 1611 2660
1399 35 2776 230 372 114 1790 940 2813
1399 2981 1790 1261 68 1790 1611 215
392 3081 1844 2871 1835 352 760 1366 29 2723
3056 1366 353 2867 1366 104 1952 1739
1057 86 1764 2982 142 1835 392 2794 1719 2723
114 86 1764 1333 940 1399 2723 1442 1607
1057 1366 1267 2673 656 1835 1844 2776 656 1475
1835 1844 2776 1611 2776 2858 2776 525
114 2794 863 2723 1136 927 2794 303
1869 1631 2727 2659 72 2722 2743 2739 2326
1057 1366 1267 2673 2723 935 1732 1952 1366
2794 2659 72 2722 2858 2475 1091 6 209

596 1500 394 1324 348 114 991 157
6 1633 1844 714 2750 56 1092
114 1324 1614 1016 715 2120 2560
1399 6 477 2940 1844 2720 1216
3069 331 1110 2750 1330 1016 1844 1611
6 615 1583 1285 2567 2794 850
114 1203 6 2338 206 3069 3194 1684 2088
72 2586 1644 6 2506 597
392 166 1764 1718 923 1612 348 1793
2722 344 1057 2841 1781 3165 2815 1764 354
1366 2415 3118 2722 1299 1844 206 694
114 2751 1317 6 2282 750 1226
392 1092 1805 597 2722 206 1057 1764 1299 1555
3058 596 1184 1790 1016 1764 1718 927

2722 1580 1613 1628 1860 157
1500 394 1324 2420 1324 1283 348
3071 1650 1823 2720 2980 437 1556 2794 1466
398 2847 394 392 1399 1302 1634 1243
2722 937 2977 2809 2922 2720 1016
3069 1650 1540 1844 2853 1284 1235 3009
114 2475 2722 1144 1844 1342 693
3014 2461 394 6 2970 1243 731
2750 348 2392 2115 1399 6 543 3042 394
3069 1110 1612 1016 2809 1285 1954
1220 6 206 114 1275 2187
1057 1684 732 392 1366 1764 1718 2759
398 2732 1057 597 114 2750 394 2720 1366 2088
1612 1016 1286 3022 3022 544 1810 1611
