
1251 3188 1535 3056 152 2753 1565 1244
3069 1328 1764 1556 1399 2725 3236 1697
2379 3237 3197 114 1328 1399 1612 2478 3238
1561 3239 3240 166 2722 3241 2425
114 1251 1573 1859 3069 3117 3242 1559
2753 3243 927 3093 3244 2486 2794 1597
114 2145 2722 2493 1844 1764 817 3245
3181 3117 2694 1399 1282 3246 325
114 1251 3247 3248 1399 2722 2281 3249
1844 3250 3057 2392 3251 1442
3056 3188 244 2720 3252 296 1597
1764 2498 3253 1052 1764 1288 304
1535 1573 114 3247 2328 1302 2794 1990 95
3079 1372 3188 1990 1366 410 1057 1875 1807

3254 2756 3079 166 2722 1018 1366 361
1844 2716 1441 3255 1844 1764 3256 1281
114 3257 1267 3117 2424 114 2493 980
2783 1198 2730 1764 3130 2754 3258 149
353 1084 166 1544 1878 1844 2722 3259 1914
1399 3069 2754 3260 1561 2794 3261 374
114 2328 2483 3262 335 2794 3263 1764 3264
114 3265 2794 3266 2776 2340 3117 1052
392 1372 1399 2040 1844 2720 937 2083
2754 426 2794 480 941 3267 166 1302 3268
114 3117 3269 3270 114 3271 3272
1913 1057 2723 114 1186 1057 1671 3273
3069 1372 2392 1191 2730 1581 114 1764 1611 446
1372 1810 717 2490 114 1366 3117 2723 3093 1951

2754 2506 222 3069 1366 760 47
3122 2722 3150 1347 3164 2794 209 2027
2722 1559 3062 1265 3274 1289 1016
1399 1764 3275 2523 394 1302 1110 3276 2132
2720 245 1817 3117 1302 1350 366 3277
202 2744 1366 399 1805 1732 850 2794 2965
392 1599 2567 1859 1302 1366 2544 3278
166 3136 2425 1844 2475 421 3279
2475 3056 1764 2804 3165 2510 1302 2028 800
1446 2574 1442 3117 3280 3281
114 3056 1764 1936 3165 3178 1302 2793 2853
1446 3282 1442 3117 3283 3284
3194 1399 1764 1281 1366 2730 335 2510 114 3178
2722 3135 2720 1764 3116 403 3285

1790 3190 1084 1599 1878 1844 3286 1131
767 2330 2794 2077 1338 1844 1790 670
114 3287 2716 1856 45 1324 1921 614
281 86 1856 2757 2794 717 1399 3288 3245
114 3289 1084 1878 1844 2282 3107 1800
1105 1611 2720 1593 1265 2462 1399 3290 343
3096 1321 177 114 2490 11 1321 3291
1324 3000 3292 114 3293 1844 3294 2023
1057 1627 2534 1817 1399 1324 3295 1344
1442 3296 2794 480 1084 1321 2794 2154
114 3297 2722 823 3117 3298 3299 1038
2794 3300 1310 114 1302 935 3301 3302
2730 3197 935 1038 1399 3079 1105 3202 767 2130
2035 3303 1790 1611 2794 868

2270 2754 3304 1764 622 1282 693
1399 1011 962 3117 1302 2808 3305 2055
2722 2743 3069 1366 760 1739 1399 1302 47
1442 1844 2722 3150 3306 1739 3307
1057 1399 2753 1592 1600 1442 3308 3309
2313 1844 202 2744 114 3310 1844 1091 3311
3312 3313 927 3069 1138 1859 1302 2475 3082
2720 3314 2739 3315 607 2794 1597 2925 1302
2617 2055 1442 2026 2617 3316 1442 3317
2720 3318 3319 216 1399 1302 927
114 1302 935 559 1561 6 1181 3320
3321 1399 3322 1844 86 852
3014 1788 1399 2750 3150 3323 3164 3324
3121 2483 3325 1844 2617 3326 2055

209 1810 3327 2720 1302 2898 1703
767 2567 3328 1399 1302 3329 2055
114 1611 1810 1561 2794 3330 1844 3331 1473
2722 1253 3133 2722 3332 3093 9
2722 3333 3334 3080 2294 1442 1810 3194 3335
1442 1593 875 1446 3336 2722 3337 1016
392 3056 1446 1860 767 386 1446 767 756
1197 1285 114 1641 1324 3338 2794 1287 3339
2475 1252 1446 1442 2794 3340 1790 693
1399 1145 354 2720 2379 850 1057 890
656 1442 2722 3167 2720 3341 2722 1918 3342
3117 437 3343 2720 3344 392 629 399 3345
2730 2745 1810 1593 1399 3346 1580 1902
2794 1487 2722 3347 2720 890 2379 2185

935 927 2722 3348 1844 1764 3349 1281
3052 3136 2971 1442 3350 1399 3197
2722 3069 335 1556 114 629 1084 1110 3197 613
1434 2722 1836 1844 3200 3351 2965
1057 3056 3188 3352 1597 3117 1618 3279
2730 1442 1764 2497 3117 1556 114 1611 3353
392 3056 3188 3354 1869 1597 1859 1671 3355
2730 760 1366 717 152 1861 3117 3356 3357
392 2436 2720 1556 1442 1732 2717 629 694
1597 890 1618 152 227 3197 266
2720 3200 365 210 1844 1764 3027 927 48
1669 3340 1586 1016 3120 1764 354
2617 1556 2406 209 2722 3317 1844 3200 1559
2617 629 2722 2282 3358 1844 3200 1697

1732 2717 1739 935 1119 1844 2722 1586 1016
3274 12 2914 2722 3359 1774
1805 927 392 3360 1399 3069 86 2025 524
2720 2794 2722 3150 3344 840 209 558 622
2770 3200 365 210 767 1810 2722 3361 1226
2400 1878 1324 3293 2794 202 63 3167
392 3362 480 2794 1521 3275 1706 2794 2217
1399 437 3363 1859 1289 222 338
3197 1098 1764 2757 114 957 1671 3120
3197 2573 1764 2804 114 2691 1764 1281 2794 2510
3197 3364 2722 3365 2720 1922 715 238
2600 2770 3200 419 392 394 3200 2971 3027
608 1442 2722 3150 3058 3200 1559 3366 1788
3042 1442 1270 329 2720 1669 244 3197 890

3367 1366 2496 2794 3052 1366 1697 493
2753 2024 927 3069 3368 1764 608 3245
3194 1010 1366 1814 1859 823 2794 3069 1366 607
2210 3369 1844 2725 1181 1559
1810 2794 2722 2636 1057 2739 760 2397 394 1800
1809 2794 2722 1731 1057 2739 142 3370 1788
1809 2794 2722 2547 1057 2739 1267 3371 2425
1809 2794 2722 1016 1057 2739 3372 1810 890
1809 2794 2722 3373 1057 2739 2567 3374
1809 2794 2722 3375 1057 2739 142 1732 2708
1809 2914 593 1057 1814 1669 2727 3345
1809 2914 1164 2617 3276 3376 1849 1302
2730 2794 2722 3359 2340 2739 3377 209
3080 1559 767 3368 86 2720 1305 3026 2326

3378 1601 1844 1611 3052 3379 1442 2750
2720 1671 2754 3380 2775 3381 209
2722 3382 2392 3383 1399 3384 304
1844 1302 3385 3386 335 2723 114 1671
2326 1347 2722 3387 767 1457 2794 2326
2722 1350 3388 3069 1302 927 760 1639
114 3389 1284 368 3239 2914 2723
2720 2754 1844 2727 1670 3351 3390 2678
392 1302 2083 1281 760 2754 6 1580 2377
114 2720 1318 1597 3117 3069 2392 767 3391
86 2750 3151 2055 342 2794 6 3331 1639
114 86 1302 963 1399 2776 290 325 3392
2720 1366 1669 3393 166 1302 1399 873 2495
152 2392 767 3393 166 1671 114 1641 1764 1902 1302 2530

604 3056 1366 760 2328 114 3394 1057 1932
114 3395 760 3396 1057 1764 2858
2392 589 3012 767 1310 3397
2794 3398 114 2722 3032 3003 3399
1809 3093 209 3400 3117 2148 1869 3117 2279
2794 1191 2468 3401 2794 1764 3402 2798
392 3403 1302 991 3404 3405
1844 1764 2012 1556 2794 1639 3406 2528
3194 1764 2012 1556 86 2493 2794 3407
1366 3165 1302 3195 1302 3408 2794 3409
392 2730 2392 3410 3117 2812 114 3411
2794 1062 1671 1581 114 3093 1810 1550 1671 717
86 1902 1265 845 114 893 3003 1265 1932
392 1707 1805 3412 1809 3413 1669 3414

1861 617 1366 2496 3117 1302 3415 927
2794 1639 6 3416 114 2714 2794 868
86 3417 2730 1844 2475 943 852
3069 2496 1671 2794 3418 1399 3419 3420
2475 152 1366 2730 731 715 2185
6 3421 106 3069 1519 1312 1593
1399 2722 3308 3422 1844 1302 3423 3424
2731 3425 1084 715 3426 11 1671 3427
2808 982 1366 3428 2722 3429 2475 2600
3014 1063 2794 3195 3430 1434 2725 1244
3074 1671 3431 2583 3117 3432 3182
1267 890 2436 1671 1469 1399 589 3238
2475 3433 1817 2794 3197 1366 760 499
72 3200 927 2720 3434 1366 1669 1124

1399 2720 2083 3435 3069 1302 2475 1181 3436
3382 1302 935 928 2392 3437 2922 2794 2722 2450
114 2794 2722 1216 1302 926 1624 3438
1739 1181 3439 3188 1669 3440
3441 3270 1720 3117 3442 1637
1057 1599 1859 2722 823 3057 2392 3014 329
1302 1703 3443 1302 1737
3052 2475 1442 937 2379 2794 823 2223
392 2720 2292 1592 559 2334 2794 2313
202 2743 114 2745 1347 2392 2794 1287 1669 3444
3445 774 823 152 3446 114 1078
2720 3447 1289 2757 3117 3448 3449
3194 3267 2567 2978 2794 1597 1859 1671
2617 3450 2379 1639 3197 1592 209

2223 71 1764 3451 1515 3327
2914 2722 2422 394 3197 3452 2124
1197 2382 1446 1442 2794 1534 1561 1861 3453
2475 935 6 1932 1057 1861 3454 2475 1559
1 2617 2600 3455 3456 1198 1697
2717 2753 2468 3457 3069 3188 3047 3137 3458
2617 3459 1706 3460 2794 3461 1002
736 2794 3195 2914 2722 1018 3462
367 2735 86 2722 3451 2720 3188 1669
114 1519 3463 3464 2794 1302 1281
3465 2031 2982 2279 2492 114 3466
2753 3467 399 2722 2086 1611 540
114 1372 2753 3468 941 774 114 717 234 1302
2475 817 1581 114 1586 760 53 1302

3188 3469 3470 2720 3117 3032 2798
760 2328 1739 2032 2744 2794 1639 3200 1124
114 335 2722 3471 1844 2725 3472 2528
3052 3456 3197 2794 2328 2475 952 1399 3473
1057 1587 1764 1611 767 1399 1302 2340 529
86 2750 3151 2237 2720 1669 952 209 1092
1372 3474 1587 1302 927 209 3474 1982
1372 3475 1587 1302 1577 209 3475 2500
1372 3476 1302 2696 209 3476 335 2098 114 3477
1372 3478 1302 3479 3478 3480
1372 1177 1302 3481 142 3482 1177 1859 1216
1372 2430 1302 935 1244 142 2430 3483
392 2720 3069 937 1442 392 996 244
1302 1703 3484 3117 3485 3486

1861 617 152 1366 3487 715 1138
1859 2753 935 927 1764 1612 1383 1559
2722 3382 1764 3488 1281 3489 1399 3490
2770 2662 3491 1844 1302 3492 670
1366 3493 1942 1347 1399 1302 3494 2425
1540 1844 1622 3117 1580 3292 715 1041
3495 2725 3294 3496 1001 365
166 893 3313 3497 3498 394
1861 1844 2753 3499 3500 1366 715 3501
3502 1324 3503 166 1764 2956 1281
3056 3504 3117 3505 1844 1302 923
2722 3506 372 1324 3507 613
1235 2392 1810 2475 763 2646 1366 1235 232 2451
3194 152 1446 3014 1366 3508 3 3117 1902

2722 1166 3509 1844 2720 3252 928
1631 2794 3490 3027 1685 3510 2449
114 2750 3151 3162 1167 2794 3511
3052 1936 3052 1938 399 915 1302 1008
1057 2755 1270 3512 555 708 166 3093
114 3513 1324 1528 1243 166 1993 3514
1533 3240 1446 1324 3515 2406 3516
3194 1650 3136 2744 2732 142 262
2722 2662 3517 2720 1561 3496 3518
2722 3519 3520 2720 3521 2355 1110 2722 1281
2722 1618 3522 114 2722 1592 2055
403 916 209 394 130 149
6 1198 3523 1243 3524 767 1778
2720 399 915 2722 1556 1844 2744 1406

2722 2258 3525 2720 3526 1855 3477
2722 1254 2558 1399 2821 1844 2785 767 2693
114 3527 792 2720 1855 760 3528
2722 3529 3530 767 1399 3531 3031
3194 403 1366 3117 1650 6 3532 2693
114 1593 3533 3534 1302 1252 1281
2720 2392 3093 1860 2978 1764 3535 2794 1276
1869 1597 3117 1975 1859 1764 1903 3264
392 3056 1366 1988 2392 281 1671 1984 1764 1914
114 3056 1366 3036 2392 2306 2694 142 392 3022
114 3056 1366 2423 2392 2306 1366 1488 2722 149
114 3056 1366 2984 2392 2865 1310 2794 3536
2475 760 1366 3036 114 2984 114 1988 1399 3473
3382 2392 152 2558 114 3530 767 2567 2185

2722 3537 3538 3539 1844 2534
1324 3540 3541 1265 2765 96 3542
2720 3297 86 1621 2986 2925 2725 1477
3074 1817 1442 483 1084 3117 3543 587
3117 3544 3062 2722 3545 1844 286 3546
2725 3547 2662 709 1844 1612 2026
2720 86 2722 3548 2725 3549 184 3550
152 1372 2739 1484 2722 3551 1844 2725 1520
392 3552 2727 86 3069 715 1612 3317 3553
1805 3144 3014 1278 1844 1302 2720 1739 1446 3323
392 2392 1324 3554 2087 3555
114 767 1324 1368 3556 2368 166 1814
2735 1824 1611 2895 2392 2863 2794 2723
875 3538 845 1550 1302 6 2150 209

1399 3473 1366 2328 114 2618 2794 1302 1057 1186
114 760 1707 3389 1281 234 1302 3557
2722 3382 1302 1056 2392 1399 1764 1777 767 1978
114 3558 1764 1556 774 1399 2722 3267 3559
114 3194 2722 3560 2720 1442 1601 1844 2023
114 3561 1887 893 217 1399 998
1399 1324 1739 2055 737 2794 710
2722 3562 1501 2720 2794 1324 1697 767 3195
392 2392 1732 589 114 1732 2299 3088
2730 835 3560 1869 3563
2385 1810 2794 209 3117 3564 305 3565
392 3566 1167 1399 1302 3567
936 2717 937 1550 1807 890 2304
2720 3188 3047 3568 1399 6 3569 2053

3014 1446 2722 3146 1844 1769 1869 1844 149
3069 3570 2475 2722 977 1844 1302 928
2720 2055 114 3571 1720 394 873 1914
760 335 133 3572 1302 223 1186
1057 3117 3441 3522 3069 767 2055 3573
2392 2794 1302 1611 767 3574 927 3575
114 3117 2564 559 184 71 767 436
2725 3576 1600 2720 3577 2922 3330 3578
3117 2617 2586 2714 1302 927 2392 767 3579
2720 3117 1861 1597 2392 767 1764 1556 3466
114 3117 122 767 1446 2583 3580
1302 3581 1671 3582 1302 1113 1671 3583 180
2775 767 2392 3420 114 2691 1671 3117 1302 1600
2617 149 1844 927 1366 1788 2145 1399 3584

2750 1330 3585 3586 2794 958 114 2030
1684 2794 3587 3323 2794 209 3588
2735 1366 3589 1859 2475 1330 617
1057 1764 2662 2286 2483 2364 3586 3093 1010
1302 3590 935 1442 382 3120 1764 1703
1399 3069 1302 1166 1378 1979 1442
1859 3069 1764 2757 760 617 114 1800 169
1561 2281 3591 2720 1788 2745 110
2732 1366 2794 1302 152 3592 1844 1764 304
3093 3593 112 3594 2794 3595 1302 3596
114 1859 2722 2292 1764 1281 3093 3597
388 1399 3338 1844 2098 114 437 693
2722 3069 2978 1824 3598 2794 3599
3600 2776 625 3601 2794 209 1469

3602 1057 1302 3603 2288
709 6 3604 1302 3605 2794 643
1399 3069 2722 3146 2720 2392 86 617 715 1639
2722 2292 166 1800 2392 715 71 3606
2617 3607 3608 1764 3506 767 3336
3609 2626 1844 1764 693 2794 2414
1057 86 2720 1366 1399 1650 619 760 3302
1399 1861 2404 1344 1366 1010 394 1302 3610
2475 3056 1366 2745 2794 845 2720 1366 3611
1366 1761 238 114 1788 367 2794 845
1057 3117 1861 1597 2392 3612 2720 1593 1366 3613
114 3117 1861 3144 1764 3078 3614 3146 767 3615
2617 3616 1561 2722 3617 3604 1366 1010
3080 3618 3146 1442 373 3117 1533 3099

3056 1366 244 2720 223 3284
114 2139 1946 1844 818 1181 1914
1844 1770 2449 2722 1862 3619
1366 3317 114 47 2722 3620 149
392 3056 1366 987 2722 288 3621 3264
3069 1302 935 927 3622 760 3146 1399 1671
2720 629 1878 1844 2725 3623 210 760 613
1366 2745 2720 1366 6 1790 3624 2326
3079 86 2722 3625 1399 3626 715 3627
1434 2750 2437 3150 1110 1287 2794 2353
2720 2392 2794 3421 1684 6 3628 2406 209
1057 86 2725 963 3117 3069 2739 715 1849
392 2436 3188 142 1764 3628 1366 3093 3629
2720 1057 1764 963 3188 3093 1671 1147 3630

1347 1593 2379 2750 1561 817 1556 850
114 1488 1805 845 1844 1302 1896 3631
392 3015 114 3031 180 1399 2714 3632
5 967 114 1338 3633 3634
3194 272 3047 166 1860 2794 1550 1671 717
114 2408 2722 1512 3358 1844 3200 2055
2717 2794 2812 1671 2775 3117 3635
2794 2088 3200 2023 3069 1366 2808 3042 1267 3324
392 3194 1372 1399 3200 3636 354 3188 1313
6 3308 3404 166 1512 2794 2408 1671 1186
2730 86 2722 3126 114 3637 3069 1366 9
152 1673 1844 304 1366 1162 3093 3638
114 3113 2720 1732 114 1198 2739 1697 209
2720 1198 3639 166 1512 1669 2863 2794 1671

2662 1442 2722 2263 392 1222 2925 6 3640
2662 1399 2722 3641 392 2389 1324 336
2662 1442 2722 3642 392 3643 1774
2662 1442 2722 3644 392 1324 3645 2267
2662 1442 2722 3646 392 1324 3647 1442 3648
2662 1442 2722 3649 392 288 1442 1324 3650
2662 1442 2722 3651 392 3194 2503 865
114 2662 1442 3652 392 1324 2262 1442 1374
2475 893 2662 3117 2503 1442 3570 2567
2720 1642 1446 209 3653 2722 1732
1057 827 2744 2720 1669 209 1184 166 3093
1739 3654 1844 1684 760 2368 392 1580 2576
3081 2730 2406 1366 27 1844 1580 1902
2720 848 1993 2379 2914 1671 1124

935 2083 1817 2697 1671 3081 2406 935 209 2083
3655 86 3151 1167 1442 392 793 3656
114 1399 2722 2372 1844 629 3657 2379 3658
392 890 1817 2737 3188 1580 3480
2720 1181 1370 1817 2475 1137 3659
2379 3660 1302 3661 331 935 3662
114 209 1076 152 1446 1235 1788 232
2720 1650 1817 1755 3156 114 47
3315 130 2730 2379 68 1446 3663
3315 130 3664 2379 2737 2185
392 3052 2750 2954 2720 1788 2379 913
2379 2794 3197 3665 3117 1302 3666 1902
935 209 1805 1595 2083 1844 2720 2379 1951
392 2720 3069 2379 3197 1639 1383 446

2722 3667 3668 3069 3197 2750 617 760 3031
1159 1671 1197 1338 1844 3200 3669 1703
1057 2436 1446 1442 2722 3670 3069 1366 760 211
3188 3671 1446 760 2330 2794 1671 3588
2722 2023 2737 3069 1844 1399 1671 1366 1010
1550 1399 3589 3200 1145 354 3672
3117 2662 3673 114 2108 3197 1399 1703
1844 2720 2083 1633 3079 1817 2753 1534 3662
2083 3674 3386 3675 1618 1016
1859 2722 3676 2402 1110 1321 715 1041
1057 3069 2722 3625 1399 2725 3677 3596
715 1302 3678 1434 6 3667 3679
2730 1041 1805 1732 935 1611 1110 3675 3680
392 1399 3200 354 1324 3668 114 1611 3638

2326 1347 2722 3681 3506 767 3682
1764 2432 3551 3117 3683 2313
114 394 2722 208 3069 1366 2914 1302 1136
3684 3430 1302 407 2124 1078
2722 208 3685 2392 1442 1844 2722 2964 330
3569 2727 394 2722 3686 152 2725 3687
114 2739 3688 760 3689 3690 3691
2794 2438 2722 1167 1844 2725 3692 653
392 3655 2392 3093 2722 519 3693 1781
1550 1302 3599 1671 152 1302 3694 2759
2720 1302 1197 2848 3069 1764 2449 900
1366 1669 1399 3695 1844 947 3696 1887 86
2730 3165 1366 3300 1302 1272 3117 1166 3697
114 1008 2722 3150 3117 1302 3698 2026

1764 1611 1442 1561 2794 3699 114 1366 2794 1016
1347 481 1446 2730 2720 2750 1302 477 2475 1197
1442 1810 3700 2770 1764 3701 693
392 1253 1222 2722 1732 1366 1302 3629
1869 1347 481 1446 2720 1764 3702 1285
1442 1810 669 394 1302 1281 3703 477
392 2720 1366 386 1755 1732 1399 3704 3705
114 987 1764 3338 3706 3486
3052 1732 3707 2743 1669 209 2800
2720 1016 3069 86 2744 3708 2406 3709 3699
114 3699 3069 1442 3710 3117 3711 477
2406 3340 1016 394 3712 3713
2617 1442 2722 2023 1844 1611 1399 1145 1703
2720 1446 399 98 86 2722 564 1844 1473

77 3081 1265 1769 2794 2475 1252 6 1281
1158 2475 1181 1152 1844 223 1186
3080 2055 3714 818 1875 272 1914
114 86 2753 2049 1873 658
3655 2794 86 1875 3715 1844 306 2125
6 3716 559 2392 1158 1265
2720 3117 2725 3717 86 2722 2217 1669 436
114 3718 2794 2414 2722 3719 1844 2725 3408
392 1764 2083 1861 767 3146 2722 1198 3720
2770 2662 3721 1844 1302 1618 1348
2720 2392 2722 272 1669 1399 306 206
1844 2617 2012 3722 1302 589 1244 3723
392 715 2392 1488 1347 1374 2738 2871 3724
2617 3635 2392 3165 1267 2490 3725

2722 1903 3726 3117 1062 1844 3727 1285
2722 1254 3728 2490 767 3729
2720 3117 1324 1291 3730 1270 399 1446 3630
114 957 2794 3052 1270 1446 1579 3731
3194 403 86 2738 3338 1399 3069 1366 3732
1302 1281 1732 1252 2717 3728 2478 6 3072
3315 86 2722 3465 114 2031 3117 3069 1366
760 3630 1859 3733 1844 1302 3681 3116
392 2567 2722 1732 2392 3727 2336 1764 3586
2722 1732 2392 3734 1399 1302 3735 2055
114 1253 1222 2722 1253 2392 1442 3736
3117 86 2722 3465 3069 2794 1302 209 3737
3052 2730 2186 392 1366 2794 153 386
114 2392 2794 2572 166 1544 86 3703 2863

1197 3182 1366 760 1366 399 1446 1810 678
2794 2720 1739 2281 3738 1764 622 3739
1810 3740 1302 2114 1844 3741
2720 3493 3742 1302 1586 2028 620
392 3743 2750 1844 1186 2794 1671 3744
760 3188 1810 2745 3745 1844 1446
3746 3146 1057 1861 1646 2432 1272
86 3047 1446 152 2722 2217 392 2270 3177
1347 2730 2406 1366 3121 122 3116
2745 890 2794 850 2475 3747 2798
2443 2720 2750 1861 1442 3748 3117 3749 3586
1844 6 2083 1611 2720 335 1764 2523 2528
420 2730 2783 2392 2978 2794 1191 1671 2217
1869 1542 3197 1671 122 1623 354

1561 6 3750 2720 2770 2722 1841 3082
394 3751 1844 2483 2546 767 1639 1302 3025
3752 6 3365 1265 727 1302 3753 3514
1878 1844 1302 564 767 3754 952 3755
2475 1366 3080 2546 2720 3137 3117 1302 365 3756
1671 2794 3757 3117 476 1442 3758
760 3754 1817 1399 611 114 3466
2770 1312 3759 3477 11 1671 3760
3194 1338 1366 3042 2720 3056 2750 3365 1442 1923
1764 3761 2722 3762 1844 1764 1556
3093 2397 71 114 1597 1859 1671 166 1512
3117 1618 1559 2794 466 1764 3763 1205
2783 2730 1366 3754 3764 3765
1399 2325 2492 114 2282 3766

1764 1356 927 2770 3767 3768
2567 2794 244 2722 1836 1844 2725 1902
3117 1805 3769 399 2729 3770
392 1268 1970 114 1268 1810 499
1057 1498 1446 2739 403 1556 3266
114 1268 1446 2739 1138 1859 1446 2722 1732
1399 2725 3771 1561 3772 3473
3080 927 1321 3773 2475 3774 1641 1671 2012
3194 142 1707 927 2475 1009 3117 2722 2576
1844 2720 935 2425 2720 1813 840 2739 3249
392 3775 2722 2744 3069 2739 715 1561 234
114 399 1805 1732 850 1859 2727 2794 1597
86 2750 3151 1167 3776 3473 2794 1671
114 86 2725 2413 392 2375 3777 2392

2697 1671 3056 2379 2738 3032 3126 1267 845
1869 2379 2725 3778 2812 1788 420
392 86 1764 619 1399 3779 3780 2516
3121 1338 1844 3781 1869 3782
1442 2732 1805 1673 1057 1671 2794 3665 1932
1869 1639 3783 3117 1302 3784 927
392 2720 2725 3635 767 2567 1404
114 604 1732 3785 1764 3786
392 3056 3188 1267 3787 86 3788
2730 2745 1347 1580 1167 3188 1267 3789
394 3790 1321 3080 1556 2755 3188 3791
3493 1267 3200 1556 1399 1335 1593 3792
392 394 1324 629 3069 2483 1950 3093 1721
3188 2379 509 209 1844 1650 6 1861

3052 3793 1442 2750 2720 2753 1302 1178 2840
2392 767 3662 2881 6 3794 1844 1177
114 3117 3795 2449 2475 3796 2727 3797
2720 3069 1442 1177 1869 1237 1669 3798 209 2800
1442 1446 2720 1685 3275 927 3069 1138 2808 320
2392 1669 3799 1399 2720 1178 3800
114 245 3801 1669 3802 3803
2725 3804 1284 3069 142 1810 3042 3805
2678 1292 2735 1707 927 1347 3188 760 3806
3807 2808 3808 1859 2720 3423 3794
1399 3069 1372 890 3188 3809 142
1878 1844 1302 3238 3188 394 1805 1673 2379 1148
3810 1446 3047 1057 130 245 1101
2794 3811 3812 2755 2739 1178 209

3813 3056 2770 3814 589 3169
1270 1084 3014 3815 1434 2722 3767 3816
2770 2722 2662 1760 3069 1324 3817 715 1639
3818 6 3819 1321 1110 629 2794 3263
392 1764 2269 1760 3069 3014 3137 2794 1990
2483 3820 822 403 3117 130 2449
2722 3716 3821 1844 1302 3408 3595
1809 1752 2722 3819 1110 1302 3681 3093
392 1399 1302 2055 2392 767 3374 2567
86 3822 1347 1764 1556 1057 1302 640
3194 3117 1861 3144 2392 399 1399 2300 1869 3516
2794 3516 3047 3823 392 2794 2300 3047 2026
457 2141 2794 209 2027 1057 762 1180
2717 2794 209 3824 1057 3825 3564 305

2662 3581 2722 3826 1844 2722 2114 1844 1611
917 86 2776 1741 2024 149
3117 3069 2392 3827 2794 3828 118 3829
3056 86 2722 3625 1270 3830 3117 3831 613
2662 1442 2776 2971 152 2776 2340 2662 149
1057 3056 1859 1671 2754 3832 1515 1399 3833
6 3834 3522 3835 2770 893 1914
114 1671 3836 3117 1281 2254 3837
3838 3839 3117 1457 2211 1289 1632
1764 2497 3014 3282 2124 152 1399 6 3840
114 989 2731 1805 1732 1302 3841 3833
980 1859 2722 3842 1844 2720 3843 1163
1732 2662 2717 3844 1869 3845 3846
2331 893 3847 3069 3848 1366 715 828

1658 3056 2392 3520 3117 3849 444
114 2697 1671 3064 399 3188 3850 1446
3056 1859 818 3851 2666 760 133
112 1354 1188 152 1399 2372 2794 2446
3377 1446 3776 1399 1764 2432 3116
2914 2722 935 3852 1399 2632 617
2720 3056 6 3716 3365 180 1442 3853
2770 2722 370 3150 767 2533 1324 1181 3756
166 2425 3062 818 285 2720 2447 1859 3854
114 893 217 2720 2794 1324 3855 3014 1030
481 1084 67 1878 1844 2725 1515 3466
114 2794 2722 1559 3856 2922 2725 790 1272
2475 1764 2579 1281 3589 1442 445
3117 2720 3852 3056 3763 1600 142 3857

1442 1446 1302 1769 1869 1442 1446 1302 3093
2794 209 2475 589 2794 112 3389 1042
1372 1769 2730 2392 1669 1446 1686 3117 2449
1372 3093 2730 2392 166 3093 1669 3093 3858
392 1372 1302 1769 114 1302 3093 209 2475
2720 2392 3093 1980 2722 1645 2720 1622 1302 1739
114 2678 670 3859 6 3173 3124
2730 86 1302 1770 1181 1152 142 1607
114 2720 2292 1166 223 1368 316
1442 392 6 190 2617 3860 2794 240
152 245 1593 1399 1302 1612 3821 3748
2392 1673 166 1512 2794 1639 1302 3861 2528
1844 937 935 1550 1788 1446 209 3862
2720 2475 935 222 3014 2475 3863 2383

2722 1611 3069 1671 2475 3864 3865
2475 1992 1442 1399 1764 3866 1902
2720 86 2722 1732 1764 2492 1446 3867
2722 1732 1366 1611 114 760 3638 1764 3868
3315 760 1366 3113 1057 3115 3047 392 3473
2794 209 3869 1110 1764 535 3264
392 1457 1302 2759 1057 890 2794 2185
114 3195 1057 3870 1764 2012 3871 1281
2722 3069 2720 1446 1110 1302 1669 1788 3872
1550 1302 1372 1990 1302 284 3117 3873 3874
114 1110 86 3875 1622 3069 3493 3876
1324 3877 3878 2602 1446 3879
1862 1550 1302 3880 1110 3635
114 760 1671 1810 234 1764 2785 2794 717

2379 1366 2730 2429 209 1869 2379 1366 2510
114 1372 1366 2510 1302 3408 2196 1366 2379
114 1372 1366 2429 209 1764 1281 3093 353
1869 3881 209 3117 3882 3883
3052 2874 1442 2750 335 1764 1281 2794 2759
114 3513 1764 2804 3117 2083 3884 2794 2780
2720 1786 1366 1669 2510 1809 2745 166 86
392 1561 6 3885 3886 1399 2428 717
3194 1366 1764 1281 3117 2428 3887
3093 2691 2794 2510 114 1764 1463 419 2794 1988
114 3513 1707 927 3117 3269 3888
3889 3890 2794 1302 927 2794 2145
3069 1302 656 3116 2720 2853 3891 2756 399 3892
3093 2490 3336 114 1527 2794 3893 3042

3056 2753 3894 3895 3896 1844 3897
2770 3681 2055 3600 2729 715 3003
1072 1844 2722 3692 1178 1031
2730 3898 3117 1324 3817 2725 2595 715 195
392 2750 535 589 463 3003
2722 3069 3430 72 3430 760 1639
3899 1764 3027 2025 1844 3900 3901 142
1805 2449 399 3902 1809 2148 399 3903
392 3056 1399 1243 1764 3904 3817 1366 2678
2730 760 1366 1732 3785 1764 3905 3906
114 1205 2196 114 3900 760 177
2794 3398 1105 72 3430 2794 1002
3552 3079 2722 1732 1366 2328 2794 3907 1932
2722 1732 1366 1010 2725 3908 2794 1404

1534 3433 1399 3200 1164 1844 593 465
3200 1181 2340 1057 892 2794 2965
114 1399 3430 1764 1441 2340 1366 3909
1739 1583 1561 244 3200 2352 2853
3120 1764 1281 2755 3508 1446 399 3910
2743 2475 758 2794 2965 1844 824 923
2722 935 3911 1844 3200 421 1348
114 893 1914 2186 3912
114 3047 1446 1810 2720 2770 3200 3635
3117 2492 727 114 3913 1446 3047
2722 1181 1378 1844 3200 3914
624 2717 593 3165 2736 133
392 1372 3303 1399 1671 3188 1982 3093 2326
2192 2722 419 394 3069 3200 935 210 3915 209

3056 1764 3916 3917 2785 1442 2520
1764 589 935 2583 281 1671 3918 1764 3025
392 2730 1110 1287 1739 1314 3919 142 3920
152 3094 1671 72 1302 3093 2794 2552
3079 2730 2379 1366 1869 1287 1869 1302 3921
2722 3922 1488 266 3052 1442 2722 266 1079
392 152 2392 3093 3080 3093 1764 1556 767 2657
1764 3923 1287 2475 1446 1947 1761 209
392 3188 1318 3922 2720 86 2750 2492 2326
3655 86 3200 2701 403 1328 1671 184
3924 3200 3919 1869 840 335 3197 114 2392
3093 335 2797 1671 2808 3925 3169
865 1446 1442 1057 1861 1645 2794 3266
2722 3919 3069 2392 95 1859 1671 767 2130

2857 1810 2722 2835 1844 2753 2471 1600
2913 3188 1267 2725 3926 3927 3042 3324
1057 2739 142 1561 392 2914 1178 1337
2720 1110 2722 1054 3928 2725 3929 760 1313
2475 2392 3117 3930 3520 3027 1284 767 3514
2914 1302 1611 114 3931 2794 2725 638
3079 245 3801 2392 1472 3117 589 2055
114 986 166 1993 1859 2722 3174 2030
3194 889 3071 1302 306 1244 2727 2459
1302 927 1597 1618 114 2925 2727 3581
2720 2739 2678 1993 1399 1302 589 1984
114 817 760 2729 1844 1902 240
1824 3351 3932 3069 1641 1684 1611 2725 3868
114 2745 2739 717 3117 1993 1581 3117 1902

3933 1910 3079 2808 589 1243
715 1639 2722 1667 2794 3934 1302 3596
114 875 2392 555 2776 419 3042 3935
715 3597 2914 2722 3767 1016
3042 3164 2754 2794 1267 1092 272 3936
2730 2475 186 845 1057 3937 3938
3194 3939 1809 2835 716 524
392 1988 2776 3940 419 3941 3942
3079 2392 86 3822 1844 1324 1205 3943
2794 3944 1084 2722 3945 1844 1324 1281
114 3165 1810 1276 3056 1270 2794 1302 3946
2722 3861 1922 1844 1324 817 3264
3194 1581 1057 890 2755 72 1302 3093
114 2510 1302 1180 2755 2392 3947 1446 1374

935 589 3081 142 3197 2475 1000 114 589
1442 1446 224 3200 927 1267 2023 2794 1471
2730 1488 2720 1689 1442 2722 3948 1452
114 1198 1167 2745 2794 2300 2717 3516
392 1372 1446 209 3200 1993 114 2083 3093
2794 2408 2722 2023 1844 3200 3949 927
2730 1810 1859 1321 2720 1788 2756 3197 1374
392 3950 3200 1062 72 3200 852
1550 2727 987 3951 1844 3200 3952
114 1471 3117 1600 152 3953 760
392 1321 2720 166 3200 3954 3389 1555
3117 3955 3956 1157 1689 2794
2617 1689 2379 3197 1639 48 2794 209
2475 2379 3197 1581 394 1160 1556 2794 1671

1593 3957 1399 769 3958
1844 1764 1282 3167 114 1844 1764 319 1205
2732 398 2794 1671 6 3959 2720 3165 3731
3586 3960 1057 1764 319 266 2183
3473 1645 3685 1366 2720 1258 392 1580 3961
1399 656 3962 1844 2722 1704 739
1442 1810 2722 1281 1844 86 2722 318 451
114 3963 2722 3964 152 3657 767 1990
2730 3117 2483 3965 2328 1018 2794 3595
2722 1441 3966 1844 1764 3168 1281
114 2730 1764 318 2379 1267 3967 3263
392 2617 2662 3965 1920 3968 149
2730 1764 1557 3959 760 3197 3200 2449 3969
114 3117 1861 2290 335 1281 114 318 3970

760 1366 1810 2326 2720 937 1379
1844 1254 1654 142 1844 2104 1631
1057 2720 2739 2406 850 2770 1650 75
3315 1550 2725 3692 1729 2794 931
3081 2730 760 1366 3971 1399 3216 3972
1302 3973 291 3069 1366 2406 1732 486
3655 1788 172 3014 3974 3975
3069 3014 1810 1252 3976 114 367 2794 845
3315 172 2475 1252 392 1270 2720 3165 169
3493 3534 1446 114 2794 1324 3093 3575
2475 760 1366 1338 1302 3681 1281 2794 3950
114 2720 1446 2730 1732 3977 3093 850
1862 1764 3978 3093 209 2722 1732 2794 1148 1302
392 1268 1302 1764 1457 3093 209 2722 1198

2475 1854 152 3979 1366 1110 1302 679
1366 1171 1561 1861 2720 1268 1607 2722 998
1442 2060 3980 180 3117 1291 1281
3981 1844 3982 3983 114 3984 3985
2475 760 1366 1817 3430 6 2060 3195
2794 2492 114 2794 3986 1902
1110 2040 1844 1764 625 622 3987
3988 95 1399 3989 2794 2185
2732 1550 1805 2756 1844 1457 1869 1993 3473
607 2794 3990 2720 1669 1764 3991 362
392 3992 3993 114 3994 2282 736
1844 86 3995 3837 1732 1764 2812 983
2475 1366 1302 13 3093 1764 1937 1639
2720 1844 1302 2040 1366 1764 3996 1669 2678

2722 3997 1490 2720 1324 3998 1313
767 1990 86 3715 392 2720 1324 1600 2727 3999
3120 6 4000 1324 3716 1272 767 1313
2794 1550 4001 1138 3071 1270 1859 2727 1669 2053
2242 2475 1764 589 935 3117 1671 767 1984
1057 3117 2722 1181 2352 1844 1302 1348
2392 767 3575 1671 2794 1707 1896 638
114 2730 1805 1689 3093 2914 1671 3910
1197 2382 1446 1442 2743 2475 758 1399 2965
1631 1057 2794 209 2722 3151 1739 1872
2794 1639 2722 190 1302 1140 2794 4002
1180 2385 2794 209 2808 1374 112 4003
392 1689 767 3117 222 266 3627
152 1399 2725 3359 3188 2727 266 1669 2326

1844 2750 3151 4004 1399 3069 3026 2552
1764 1611 1561 2722 4005 1369 2447
4006 1671 2720 86 2722 4007 1984
4008 4009 1764 4010 3123
2486 1366 1457 3056 1161 4011 1021
114 4012 1399 4013 1561 2794 6 4014
2490 68 3056 1764 1457 2794 2492 4015
1366 2984 114 1639 1764 3126 6 4016
3194 2392 4006 1671 3117 526 923
672 1810 1399 1764 4013 1809 4017 1764 3264
392 3056 1366 3393 2392 4018 114 3056 1366 591
2392 4019 114 4020 892 1302 1281
3052 2730 399 1752 1302 1372 1810 4013 1809 1721
2392 1442 1805 3128 392 3711 2571

2475 1854 152 1366 1302 222 760 244
114 3688 760 1302 3635 493
1366 1662 1844 3052 2612 3014 2722 4021
2722 3069 1302 1631 166 1860 2475 589 935
1810 823 1057 1302 1318 2757 1732 1289 142
1810 3022 1057 1302 1611 767 386 1561 1016
1810 79 1057 2392 1442 1810 2475 1559 1869 2139
1810 1016 1057 2392 767 4022 3117 934 693
2730 1781 122 4023 3663
3062 2392 3493 209 1631 2720 1442 2722 2450
1057 2794 2722 1287 1302 3459 1600 3339
114 3513 1302 1703 1442 2098 1383 1318
2730 3655 2794 1287 3188 4024 142 2722 266
209 1561 1399 1689 152 1399 86 2722 2217

935 3188 209 2646 392 589 114 2891
152 1442 2722 4025 2720 3117 4026
4027 68 305 3056 1270 394 426 767 1010
6 982 217 767 4028 1321 4029
935 209 3188 2646 392 2083 114 4030
152 1442 6 3365 2720 86 2744 767 4031
1011 6 3679 95 86 3765
4032 1859 1446 2602 1446 2794 2272
935 209 3188 2646 392 1252 114 4033
152 1442 6 4034 4035 2722 4036 4037
1 3069 6 3750 1844 3262 4038
767 2620 4039 335 1844 1310 114 4040
2720 3750 2720 3679 114 2720 2292 217 104 1366
3079 3188 760 4039 760 2271 114 4041

2662 3012 3056 2379 1366 1267 1932 3117 3197
1318 2785 1446 1442 2750 3003 1817 4042 3047
3069 1366 1805 1595 399 850 2794 2618
3315 3200 3463 3464 1732 2794 211
2475 3027 1764 2025 2475 4043 1764 4044 133
2720 3135 1442 1347 1366 2406 1581 6 4045
2327 1764 1281 2770 4046 894
3117 2758 3496 3069 3200 927 1267 4047
3194 2400 3188 4048 2567 114 4049 1671 1810
392 1167 2745 2794 1639 2738 589 4050
3188 589 1861 3052 1167 399 209 1184
1399 3790 1321 2720 3165 1581 1162 3201
1639 1932 2735 114 1191 1671 3295 1186
2720 86 1764 4051 3093 3970 1399 1580 2507

3027 1442 4052 2720 3027 1034 4053
1399 1302 1896 2023 114 4054 3217 78
2720 4055 942 3056 152 2392 1739 4056
1310 163 114 1442 1844 1814 3453
86 1034 1442 3275 114 86 1302 2591 4057
1561 6 3473 4058 4059 2922 3117 79
711 2785 114 4060 426 1267 4061
1302 4062 2055 2720 1807 1669 1446 2201
3315 1807 2475 2234 1869 3112 2475 2600 1869 935
392 4063 4064 1859 1324 1896 3878
114 1270 2720 4065 1859 2722 4066 4067
942 4068 1057 1859 823 1814 1265 4069
3081 2730 760 3188 2083 935 4070 2475 952
2720 2794 3303 3188 1739 163 142

2765 1251 2392 2720 1442 2475 3042 163
2914 1310 114 2370 2475 1399 1281
2720 1786 3093 1057 272 209 3818
3315 4071 3117 3154 2794 130 426 3872
392 1561 6 4072 3750 767 2602 1914
2722 4036 3024 114 1468 1302 564 144
3315 172 1057 3821 767 1110 1446 679
3315 172 1057 936 4073 943 670
2617 2340 3878 1778 1810 967 2722 2525
1844 4074 1043 3315 4075 2328 1844 1109
392 1399 2722 2552 1844 1302 1896 3977 1697
1786 2794 1861 1310 1809 122 254
1739 1251 2392 2720 1739 163 767 2217
392 1270 1739 1251 3074 2617 1861 1622 266

2739 2720 1399 564 1844 1289 2521 142 4076
2794 893 4077 2003 1324 4078 3190
1399 3069 1302 4079 4080 1442 4081
152 1661 1399 4082 3191 767 2276 1324 4083
2475 2436 2722 3104 1172 1324 4077 466
4084 1399 1671 2794 1752 1861 3190 1442 2520
2722 3069 767 1595 2914 1671 133
2717 86 2753 1088 3069 1764 1556 4085
2730 394 2720 557 3069 3216 3584 1435
2722 4083 1844 596 1088 3191 530
3069 1366 1267 3016 1399 1593 4086
2720 2331 2722 1595 1057 1764 1198 3978
392 1550 1764 1612 935 4077 2404 1302 4087
2750 3190 4088 1869 840 2404 1764 619

2722 1166 1378 1844 2722 3620 222
1764 2506 2286 2722 1370 1844 1764 2756
607 1810 3807 12 2722 4089 1844 810
4090 1844 2055 1869 3808 291 1057 172
1057 245 152 2392 1442 4091 3186
114 1844 2722 374 1844 3362 1289 329
114 3117 2722 4092 1844 296 4093 4094
818 1844 3069 715 1302 3117 2725 1152 3691
2722 377 1844 1457 2722 4095 1844 2722 1733
2722 4096 1844 1559 3079 1736 927 47
3052 2148 1442 1446 2730 392 2392 2406 2313
202 2744 2720 2794 1302 1611 2808 320 3339
2617 1289 4097 3323 2141 4098 209
2717 607 209 4099 394 1684 1844 3909 4100

2722 3032 3190 1324 2125 1817 1268 2276
2722 1790 239 1324 4101 564 115
3117 3910 1844 1734 3441 1270 1265 3611
4102 1932 114 3774 2794 4103
2475 1550 2928 3069 2750 427 1844 4073 2965
427 818 1877 1706 114 1080 1585 4104
2722 1856 3614 2443 4105 1550 2928 4106
114 1041 2722 963 3117 3069 3026 715 1849
2730 2379 2722 1790 3614 1457 1084 4107 2353
1434 2722 4108 3150 1324 4109 3756
114 86 2738 3919 3069 1817 1324 222 4110
2379 2863 2794 4111 114 3295 466 180
2475 3589 1611 444 3197 114 3200 1291 3245
114 427 1856 3614 120 2794 1790 670

68 1593 3919 114 3814 2282 3462
3069 3508 1366 851 4112
1399 3739 1844 629 114 4113 3466
3117 3069 1764 3562 198 3014 3748 4043
1366 760 166 1544 3440 2722 1251 2402
1399 3069 1366 1338 875 1593 1057 2794 4114
935 2479 1446 2334 1110 952 114 4115 3117 2576
1844 86 2720 622 114 3820 1442 85
1739 1251 1270 2720 399 166 1512 31
2722 4116 4117 1844 2475 2662 6 2217
3080 1533 670 4118 2794 4119
2190 1844 86 3978 3069 1321 1867
86 3978 142 1813 1399 2214 2794 2750
86 2493 2404 2720 1124 886 304

483 2794 1482 1302 1577 2617 1186 1366 1092
1671 2331 1366 4120 6 4121 1844 2662 1039
2720 3820 4122 1110 2727 2764 4123
1057 4124 3586 2794 3300 2725 3216 4125
1302 1577 715 2469 1561 2914 4126
1302 4127 443 1561 2914 2264 2167
1302 4128 4129 1561 4130 4131
1302 1618 927 1561 4132 392 4133 2533
1302 1181 332 1561 6 4134 229
1302 1777 1561 2794 6 4135 1844 4136
1302 354 1561 4137 875 2725 1535 209 4138
1302 4139 1561 3198 4140 4141
2617 1095 1039 760 1157 1739 4142 2469
392 1302 2662 4143 715 2727 86 901

2722 771 3069 3197 4070 935 1611 1442 3473
2720 4144 967 2794 1603 3200 1553
3056 1604 1861 2871 4145 3197 1124
114 1639 1321 322 2720 4146 880 715 1041
2662 209 2722 3238 2722 3069 2853 1611 767 2780
3121 4147 1869 3739 1844 130 1374
2722 1145 285 4148 1805 4149
3120 1302 4150 392 2441 114 986 1302 1008
2732 2055 607 1810 3990 1809 4151 3516
2722 1523 5 2727 2720 4152 1611 1265 338
392 2432 2858 114 1763 1180 3093
3410 3117 2662 1932 2794 2290 818 3217 3167
2732 940 767 3417 811 1399 4153 4154
114 4155 1993 4156 1302 2281 343

2794 86 2753 1251 4157 3069 3188 1267
3117 4158 1243 394 1287 2925 3197 3815
2750 1861 4159 2739 2794 3197 1136
2720 3188 3200 1611 4160 2794 2475 3909 6 1861
3194 3080 1318 3163 4161 4162
555 1810 1859 823 1267 1092 1861 3586 1057 4163
3315 392 1399 1287 4164 2794 1807
3081 715 3188 4165 2914 2475 3267 2549
392 3188 2734 1755 1198 1167 1131
2717 1235 3188 4166 3117 6 4167 4168
1057 1817 3200 1559 767 1732 3657 4169
114 1399 1764 611 1198 767 133
3194 2436 3200 1559 1265 1860 4170 1671
3117 1764 4171 3201 2379 4172 209

1561 152 6 4173 68 3032 436
2327 2722 4174 1110 1321 4175 180
2447 774 2794 2217 1321 1399 2483 2376 1978
3117 4176 1343 241 1844 2725 2030
2475 68 1593 2107 114 3473 3462
3056 1366 86 3032 1235 2722 436 4177
2722 1145 4178 2224 2722 2347 3025
2746 2794 4179 1302 4180 166 2722 1797 3249
2732 2392 4006 1671 3117 4181 1597
2496 1810 2794 1041 392 3417 2567 715 280
2783 1366 1399 1243 1302 3194 4182 2809
114 3117 1302 1896 4183 1305 4184 2781
2586 2743 1671 2331 2794 2326 6 217 2475 3088
2475 1181 3133 3117 1302 1896 3093 241

1739 1166 1601 1844 1556 2720 1859 2750 617
716 1639 2776 2848 1887 629 114 2435
114 1268 4185 1298 716 367 180
4149 2731 407 2928 2794 3098
2750 4116 617 622 1601 3117 1457 238
114 1191 2720 3026 1057 3079 2754 716 717
245 3117 2776 622 305 465 4186 1110 2435
1669 1581 1057 890 1399 4187
114 2720 2776 1611 3026 4188 4189
1669 3589 1611 2723 1057 2722 2292 71
114 1057 2776 2288 2720 86 1561 622 716 393
3117 1611 1669 1861 122 868
2475 1550 2928 1611 1561 152 3026 3323
1611 1442 2722 1548 3069 2722 1601 2928 2690

2722 3692 4190 1844 2722 4191 3150
2930 2850 2794 4192 1399 4193 3112
1399 3069 2739 3165 2722 2164 1267 4194
1844 2725 1197 653 114 4195 4196
3052 4197 2730 2379 1366 1739 3586 708
1399 3069 1366 1669 2163 2722 1683
1844 1764 1612 519 4198 223 2064
4199 3117 1335 1611 114 4200
889 2750 2954 2980 2794 887
2379 209 2737 1383 1728
114 2697 1302 2026 2794 86 2018
2720 1669 47 2617 3151 2139 3284
2722 1251 3665 1844 1764 1166 2528
4201 166 1512 3117 3616 114 1593 2798

1105 2534 2722 1303 1844 1612 1697 1477
1399 3080 4202 2238 142 4203
86 3654 1844 1039 2722 3069 1859 823 760 2534
1399 1181 4204 4205 4203
1171 2794 1764 1611 3058 2392 1442 3822 1500
3194 1399 1302 3107 343 1810 3042 177
2697 1302 2722 4116 2785 3093 1810 209 4206
2895 2392 760 1321 394 2722 4207 2678
279 1302 2735 1310 2490 3296 1639
2794 2986 1859 1611 3600 1324 1618 4092
3058 893 1861 2720 4208 2717 1302 1639
2379 209 394 1321 4209 3117 1937 800
1639 1259 2735 2662 1611 3071 1446 1442 2056
1057 1807 399 395 71 2722 1921 2785

1366 1457 2794 2326 1347 1399 3200 4210 3146
3303 2914 2722 4211 3188 760 493
114 1671 2914 2722 4212 2720 767 4213
1399 3308 4214 2794 418 1302 4215
2242 2475 4216 3047 3801 1399 594 3800
1844 6 622 1042 114 2760 2794 1324 1611
1399 3080 2583 3238 3188 1817 3871 142
2475 4184 2720 3188 1788 1669 2192
392 152 3200 3146 1442 4217 86 12
3117 4218 1039 114 1095 3642
2475 2662 3200 2059 3197 1399 2785 2379 2088
3117 1650 622 672 4219 1013
114 86 3848 886 1932 2379 2326
4220 2722 4212 114 2722 1145 4211

1854 3056 1764 2523 767 2533 1302 4221 3292
1399 1703 2794 4222 2922 2794 2722 2099 2450
1446 774 1442 4223 3117 2756 1844 824 2744
114 4224 3117 383 1844 1737
3058 3056 2720 2506 222 1446 767 3501
2211 1288 1167 1399 1302 1559
778 3117 2662 4225 190 1446 184 767 1041
114 2914 1287 4226 1302 1080 4227
2732 1764 3275 4228 980 3117 1119 670
767 4229 1399 304 114 4230 1739 166 3263
3315 2747 1844 1875 1287 392 1347 1446 1697
1302 1282 693 3117 1739 3769 1990
1281 1778 1810 3117 1807 1875 4231
392 1305 1859 823 2794 1267 2617 1288 304

245 3430 4232 1305 1399 410
1764 1281 3079 1807 3117 4233 3238 399 2780
392 2722 935 2840 1844 3200 1178 1237
3425 1324 2059 1084 2794 3197 767 1041
1561 152 6 285 2720 1399 4234 1243 767 3501
694 1052 2794 1446 767 1639 1324 4227
889 2475 1764 1281 2720 3137 1859 3200 935 923
2794 983 1324 1008 4235 184 2914 3200 2425
760 3197 1321 2678 114 1399 3200 332 365
1147 4236 2720 1270 1669 209 3200 2759
1950 1270 2732 1669 1527 3117 2139 670
2794 2438 3200 1766 114 2028 1887 86
2720 1446 4237 1669 3197 1810 2203
1321 4238 1399 3200 332 2794 1267 4160

1739 1251 3890 4239 394 4240 3972
3117 3069 2720 1251 1766 3014 1018 4241
2722 3069 2761 2788 2765 1251 1265 1671 1631
3117 1152 1844 318 1086 114 1844 1703
2722 1018 1764 245 2794 1671 1136 394 1473
1110 1741 3130 4242 394 800 4243
2722 2323 1442 1764 2506 2114 1739 1473
2720 1335 114 1508 2237 2794 1671 4160
2722 2749 1764 1611 1764 1557 1512 1872
394 3079 1764 2523 1878 1844 808 3014 2132
2794 2510 1302 2026 114 1167 903
1844 86 85 1739 3164 2794 209 2027
3188 2761 4244 4245 1581
2720 2761 2617 1188 715 2914 1671 1157

1861 617 1366 4246 1302 1766 2925 2722 4247
392 398 2722 3024 114 4186 1446 180
71 1366 4246 1446 3117 6 2323 1243
392 398 2722 4248 114 1631 1764 3978 1324 2053
3473 1645 2284 2392 2720 4249 1399 3473 3462
6 1736 2743 2475 2794 4250
1057 1366 3430 2379 1561 2794 2750 638
114 4251 1764 1766 209 4252 1878 3589
1805 2475 4253 1366 1550 3331 2744 708
2794 717 1399 808 392 3197 2379 1581 394 947
1764 2954 3200 3485 2139 2379 4254
114 1399 2722 3922 3178 3200 1166 1766
3058 3752 629 2379 86 2722 3150 4255
1878 1611 2379 1581 114 4256 1556 2196

935 332 4115 3117 4257 2237 2836
2722 4258 1844 1611 2722 4238 1844 670
2722 343 1844 304 2722 4259 1844 1993
2722 2281 4260 1844 2720 1289 3245
1347 3014 1366 3282 3117 3200 1618 2425
114 1764 3275 2757 2808 3808 3980 3755
3382 4261 656 2770 4262 4263
1859 2722 2662 2528 1844 222 2739 715 2053
114 4264 1302 4265 1561 821 1116 1399 1669
3080 1257 2331 2794 1260 1817 4266
2739 4267 715 2725 3000 3292 4268
114 2732 2794 2217 2729 715 4269 1978
2662 2757 1366 871 3200 2475 1251 2217
3069 1854 1366 3114 3194 1788 3014 2475 301

3014 1446 6 780 1869 715 1366 2326 1446 1982
6 1181 2676 1844 2098 3478
86 2533 3117 4270 3586 2794 868
2722 1199 4271 3117 4272 4273
3552 3069 2732 1399 6 2430 4274 715 1554
2871 1178 4275 1844 4276 3412
952 3498 2753 3069 4277 398 394
1869 2753 3069 4278 715 4279
3702 2662 3194 4280 1844 2437 2960
2720 1650 2496 3194 1807 555 890 2688
2662 1116 1844 1993 375 1110 4259
394 1611 1322 114 1399 1324 4121 1979
1302 354 2720 2676 3014 2475 2238 2533
1764 2757 2722 4281 3069 3165 4282 1267 980

1498 1764 1611 1366 1171 1110 1978 2794 1978
1561 6 3198 966 2720 1515 1265 1607 2722 4283
114 2328 818 3058 3058 1512 1366 2303 1302 928
3080 1378 3194 1366 412 1105 1399 1703
1366 2328 2722 4284 3117 1302 1515 4285 4286
1366 2328 1302 343 3117 1302 1515 2040 4287
3194 1809 1399 998 1809 343 1366 1302 399 1010
3194 998 114 343 142 1119 1844 1302 158
392 3056 1707 927 1366 4288 3757
2739 1369 184 2223 2794 1671 71
114 3056 1366 1338 2794 2326 2725 2853 1836
1366 1010 3430 392 980 3117 4289 3473
420 2730 1707 927 2794 2328 1310 2794 2326
114 1550 1764 2757 244 1310 1399 1671

1684 395 3197 935 114 3197 760 576 1446
1057 2720 3303 3188 604 2617 760 2326
392 2722 2853 935 2720 1442 2722 1145 3116
114 2972 1703 1442 1755 1732 4290 1844 1671
1057 86 2722 2217 1347 890 935 1446 209
2379 2863 2794 3344 114 4291 2720 1166 1348
392 1862 2720 1442 4292 114 1101
1110 3275 4293 2720 767 1034 4103
2720 1442 2853 222 2720 767 4294 3197
2794 209 758 114 329 1844 1289 4295
4242 1110 2720 935 2523 1110 3079 86 2853
114 1944 222 715 166 1018 2066
1270 1862 935 114 3052 1270 935 1265 1631
86 1875 935 1561 1039 4296 931

68 2475 1593 6 2125 152 1366 1267 2276
2770 4297 1505 3069 2753 4298 3584 497
1157 1534 2794 2217 1671 245 1239 4299
114 4300 2794 3430 1790 356 4301
2730 152 6 4302 4303 68 2798
1878 1844 1764 2059 1366 3093 353 115
114 4304 3093 2720 2323 3146 3407
3117 2600 4305 114 4306 800
2783 2730 1157 1534 2794 1671 1399 1989 4307
2794 2530 1764 1758 114 2438 1764 1612 2662 2026
2722 4308 1844 3080 1289 1348
1764 2523 2794 112 4309 1972 3093 3553
392 1550 1302 2028 3194 209 1624 114 3909
3586 1057 2722 4310 1844 2722 4297 4311

935 1442 1764 1611 3056 1302 935 1178 4312
3117 2722 4291 3099 3188 4313 426 2794 1658
935 3056 2722 2263 1399 1302 2167 443 135
1869 1399 1302 927 2722 1016 1844 1611 4314 3325
935 3056 1302 354 1561 6 4315 198
3117 2032 4316 2392 1084 767 1519
935 3056 2720 475 1844 2055 3069 1854 767 608
1302 1181 1559 3117 3520 2392 3583 180
392 937 2392 3056 2475 2392 767 4268
2722 1131 3117 3476 114 3475 2238 3291
2770 3069 1302 3145 2475 3112 760 1639 2725 3025
2794 211 2722 3556 1844 1302 1145 3245
2722 2217 209 3149 1844 1770 3284
392 2750 2722 3146 1844 1282 3281

1457 1844 1764 1556 1119 1854 1057 1623 3197
1366 4317 1764 4318 2720 3014 2475 4319 1979
392 2730 2722 1732 3200 1896 4320 1366 4321
2720 142 2475 1755 394 2475 3909 1611 4322
1057 1235 2722 873 3922 2475 1755 3197 1187
1399 2750 152 1399 2722 2217 3188 3493 1435
4323 1289 3116 3080 2954 555 1267 4324
3200 1166 1766 1399 1178 1728
392 2436 3188 4325 2475 1181 2794 4326
2794 1671 3200 2759 1399 3079 1442 1580 3158
2720 1580 2720 1366 104 2379 86 209 2520
1399 4327 3200 4328 2028 1084
3080 1592 143 4329 1671
2379 3856 3197 2922 2914 112 1318 4100

1764 1356 927 2770 3767 3768
2567 2794 244 2722 1836 1844 2725 1902
3117 1805 3769 399 2729 3770
392 1268 1970 114 1268 1810 499
1057 1498 1446 2739 403 1556 3266
114 2327 1446 2739 1138 1859 1446 2722 1732
1399 2725 3771 1561 3772 3473
3080 927 1321 3773 2475 3774 1641 1671 2012
3194 142 1707 927 2475 1009 3117 2722 2576
1844 2720 935 2425 2720 1813 840 2739 3249
392 3775 2722 2744 3069 2739 715 1561 234
114 399 1805 1732 850 1859 2727 2794 1597
86 2750 3151 1167 3776 3473 2794 1671
114 86 2725 2413 392 2375 3777 2392

2722 3150 2720 403 654 1844 3164 2744
3056 1366 760 2026 1302 2304 1366 760 392 1026
2475 4314 2722 3538 3056 2722 4330 2441
238 1324 4331 1811 4266 2794 4332
392 2739 2720 2449 1810 1844 2475 1289 1667
86 2720 2739 1488 1810 871 1869 47
2141 2717 871 1550 2727 3135 166 1302
392 1810 2794 654 1844 1302 686 3339
656 1399 2722 473 1844 1764 1918 3342
1302 3158 1442 3181 3117 6 1178 2123
2720 1671 3117 1289 1123 767 3672
114 1764 1161 4333 3117 1302 2662 2028 1008
3069 3056 152 947 1399 1302 3541 3695 2379 2774
1550 2722 3150 457 2794 871 1869 2794 3135

4334 2804 4335 3117 2967 4336 4337
1844 2720 2340 1473 3117 3069 2722 4338 991
2725 4339 3690 760 4340 1110 3069 6 2534
1844 2007 3145 114 4341 4342 3042
1550 86 2722 1981 114 4343 3978 1844 1298
2925 2723 941 1057 2742 4344 3936
2720 3117 4345 1555 3069 2754 716 2697
1399 1764 2853 1611 715 3577 2922 4346 1844 3596
2722 4347 3062 1550 3340 2742 1896 1016
114 4348 1328 1859 2742 1896 3421 1272
3372 2723 2124 2720 716 3117 3793 524
1399 1764 2662 1932 2617 4349 2794 1267 361
2382 209 2776 4350 114 4351 2776 4352
800 2794 2777 2720 1446 1057 1671 4353

2436 1366 715 1534 2722 2040 1844 1764 1611
1650 1593 3032 619 1267 1366 1886
114 1650 1802 2720 4354 2331 2794 1752
2725 2282 4355 1110 4356 2913 1733
1057 3056 152 617 2722 1287 767 3691
1366 3113 2720 1800 2722 4357 617 3165 845
114 3056 152 1800 1265 2928 1844 1559 1078
1366 3113 2720 617 3165 3967 4358
2775 1366 2722 2785 3117 4359 2516
114 4360 1764 1205 3117 428 2794 240
2720 4361 2334 1324 2712 2567 2794 4362
114 1642 893 4363 2330 6 4364
2475 2492 2567 767 2330 2808 1593 2794 1512
392 4116 1345 760 1041 180 2808 958

2436 1366 1267 1497 2722 482 1844 2720 1559
2722 3069 3014 3137 2794 1521 1764 2757 3755
1366 3754 152 1399 611 1844 2722 1800
3453 1844 893 4365 1533 3466
3315 3323 1366 2326 2755 1399 2722 4366 617
3056 1876 1138 2925 2725 2375 3473
392 4367 1378 1844 2720 1289 3756
3062 2483 1163 767 1399 1707 923 2185
1844 3069 4006 2722 3911 1982
2770 4308 1844 1764 2099 1914
3117 1559 2737 1366 760 3430 3266
114 4282 983 1764 4368 1281
392 3117 2617 366 3071 1366 1008 1764 1703
1366 4369 1764 318 114 1707 927 760 302

1561 152 2722 4370 1859 2722 4371 336
2447 1749 1057 2722 13 1844 1302 4163
114 1399 1302 2489 4372 1650 6 4373 2979
1057 1324 2223 2720 2334 2794 1574 1515
2475 1366 95 1817 1538 4374
1746 2794 3430 2722 13 1844 1764 1611
114 3875 1305 114 2732 86 4038
2328 3117 1764 3465 2794 4375 2720 1748 773
3315 1457 1844 172 2720 2881 1287 767 4376
399 482 1671 392 1302 1896 4116 2425
3080 2662 158 335 1172 114 1645 399 1752
1399 1302 4377 4378 2794 670
608 1442 1764 617 3070 1302 935 1559 1366 4379
114 620 1764 1556 2720 4380 2617 1583 304
